ts_code,trade_date,open,high,low,close,pre_close,change,pct_chg,vol,amount
000001.SZ,20260420,11.01,11.07,10.96,11.06,11.01,0.05,0.4541,630033.66,695097.194
000002.SZ,20260420,3.94,3.95,3.89,3.93,3.96,-0.03,-0.7576,805785.96,315420.341
000004.SZ,20260420,3.57,3.57,3.57,3.57,3.76,-0.19,-5.0532,18523.0,6612.711
000006.SZ,20260420,9.48,9.8,9.36,9.73,9.57,0.16,1.6719,366511.47,354257.104
000007.SZ,20260420,13.59,14.08,13.51,13.83,13.59,0.24,1.766,79587.01,110367.707
000008.SZ,20260420,2.69,2.74,2.68,2.72,2.71,0.01,0.369,583544.63,157985.792
000009.SZ,20260420,8.98,9.04,8.9,8.93,8.98,-0.05,-0.5568,189187.8,169402.396
000010.SZ,20260420,4.07,4.07,3.87,3.9,4.07,-0.17,-4.1769,560153.0,220663.878
000011.SZ,20260420,8.5,8.51,8.31,8.43,8.51,-0.08,-0.9401,48346.0,40648.351
000012.SZ,20260420,4.52,4.57,4.48,4.53,4.53,0.0,0.0,146634.86,66565.688
000014.SZ,20260420,13.41,13.62,13.23,13.57,13.41,0.16,1.1931,68095.0,91640.429
000016.SZ,20260420,3.2,3.3,3.17,3.26,3.18,0.08,2.5157,564307.3,184367.507
000017.SZ,20260420,6.75,6.77,6.65,6.73,6.77,-0.04,-0.5908,60257.0,40449.552
000019.SZ,20260420,7.63,8.1,7.59,8.03,7.58,0.45,5.9367,356270.84,281238.944
000020.SZ,20260420,15.81,16.08,15.69,16.06,15.78,0.28,1.7744,57998.0,92419.34
000021.SZ,20260420,29.0,29.56,28.85,29.1,29.0,0.1,0.3448,632542.69,1847003.004
000025.SZ,20260420,16.17,16.28,16.08,16.23,16.18,0.05,0.309,24367.52,39480.039
000026.SZ,20260420,17.44,17.88,17.33,17.8,17.62,0.18,1.0216,183981.46,324563.779
000027.SZ,20260420,6.72,6.77,6.69,6.76,6.68,0.08,1.1976,343906.36,231871.926
000028.SZ,20260420,26.05,26.24,25.8,25.93,26.05,-0.12,-0.4607,34936.9,90620.718
000029.SZ,20260420,20.34,20.4,19.95,19.96,20.37,-0.41,-2.0128,37905.02,76103.689
000030.SZ,20260420,5.5,5.78,5.46,5.67,5.5,0.17,3.0909,668253.05,380198.349
000031.SZ,20260420,2.9,2.92,2.86,2.92,2.92,0.0,0.0,230330.71,66664.262
000032.SZ,20260420,18.5,19.04,18.49,18.76,18.55,0.21,1.1321,161481.31,304112.64
000034.SZ,20260420,37.92,38.36,37.1,37.53,36.69,0.84,2.2895,278520.21,1053671.101
000035.SZ,20260420,7.1,7.35,7.05,7.15,7.1,0.05,0.7042,940435.06,678700.734
000036.SZ,20260420,5.17,5.17,5.03,5.1,5.17,-0.07,-1.354,298735.79,151940.727
000037.SZ,20260420,11.2,11.33,10.81,10.92,11.07,-0.15,-1.355,647999.46,709678.546
000039.SZ,20260420,11.5,11.52,10.8,11.45,11.64,-0.19,-1.6323,697233.31,784108.697
000042.SZ,20260420,8.87,8.94,8.67,8.88,8.88,0.0,0.0,52555.0,46515.646
000045.SZ,20260420,11.93,11.99,11.81,11.89,11.97,-0.08,-0.6683,90154.03,107016.065
000048.SZ,20260420,14.82,15.09,14.75,15.02,14.86,0.16,1.0767,122475.83,183243.007
000049.SZ,20260420,27.82,27.9,27.54,27.64,27.82,-0.18,-0.647,77938.17,215820.69
000050.SZ,20260420,8.3,8.51,8.29,8.42,8.34,0.08,0.9592,246290.64,207798.006
000055.SZ,20260420,3.45,3.46,3.37,3.43,3.44,-0.01,-0.2907,101133.66,34574.565
000056.SZ,20260420,1.84,1.93,1.8,1.88,1.83,0.05,2.7322,624479.5,116187.595
000058.SZ,20260420,8.04,8.08,7.96,8.01,8.04,-0.03,-0.3731,56961.4,45616.991
000059.SZ,20260420,5.25,5.39,5.23,5.29,5.24,0.05,0.9542,250553.06,132682.294
000060.SZ,20260420,6.78,6.97,6.78,6.87,6.75,0.12,1.7778,1313729.78,903658.538
000061.SZ,20260420,7.39,7.49,7.37,7.41,7.43,-0.02,-0.2692,117364.66,87149.737
000062.SZ,20260420,30.91,31.99,30.17,31.17,29.76,1.41,4.7379,842148.01,2617022.861
000063.SZ,20260420,35.32,36.09,35.23,35.83,35.33,0.5,1.4152,823865.76,2953620.475
000065.SZ,20260420,14.0,14.38,13.85,14.11,14.15,-0.04,-0.2827,417186.94,589358.991
000066.SZ,20260420,15.78,16.08,15.75,15.85,15.72,0.13,0.827,802906.66,1275439.173
000068.SZ,20260420,3.25,3.26,3.21,3.25,3.24,0.01,0.3086,72465.0,23476.638
000069.SZ,20260420,2.22,2.23,2.2,2.22,2.23,-0.01,-0.4484,335003.02,74132.634
000070.SZ,20260420,20.71,21.32,20.26,21.03,20.33,0.7,3.4432,1531149.97,3202924.486
000078.SZ,20260420,3.73,3.9,3.67,3.9,3.77,0.13,3.4483,2015485.9,770362.044
000088.SZ,20260420,4.55,4.56,4.51,4.52,4.55,-0.03,-0.6593,196155.76,88772.828
000089.SZ,20260420,6.84,6.87,6.81,6.85,6.84,0.01,0.1462,44593.79,30509.277
000090.SZ,20260420,3.66,3.67,3.61,3.63,3.66,-0.03,-0.8197,157896.63,57226.102
000096.SZ,20260420,9.62,9.7,9.56,9.68,9.62,0.06,0.6237,60608.0,58441.511
000099.SZ,20260420,18.5,18.53,18.2,18.35,18.32,0.03,0.1638,108437.56,198844.472
000100.SZ,20260420,4.31,4.41,4.3,4.37,4.3,0.07,1.6279,3831039.18,1670433.839
000151.SZ,20260420,11.29,11.29,11.11,11.23,11.32,-0.09,-0.7951,101913.67,114118.503
000153.SZ,20260420,6.56,6.6,6.36,6.54,6.57,-0.03,-0.4566,189183.7,122752.827
000155.SZ,20260420,16.98,17.18,16.68,16.84,16.95,-0.11,-0.649,568587.85,957711.004
000156.SZ,20260420,7.55,7.65,7.55,7.61,7.58,0.03,0.3958,82705.8,62997.839
000157.SZ,20260420,8.07,8.16,7.96,8.14,8.07,0.07,0.8674,941900.83,763419.217
000158.SZ,20260420,17.81,18.06,17.81,17.93,17.81,0.12,0.6738,253528.27,455246.282
000159.SZ,20260420,6.25,6.29,6.19,6.25,6.23,0.02,0.321,108876.5,67957.682
000166.SZ,20260420,4.74,4.75,4.72,4.74,4.74,0.0,0.0,520693.27,246620.711
000301.SZ,20260420,12.18,12.45,12.06,12.37,12.17,0.2,1.6434,267219.49,329188.479
000333.SZ,20260420,78.4,79.9,78.05,79.58,78.65,0.93,1.1825,276699.79,2201771.534
000338.SZ,20260420,26.56,27.43,26.21,26.36,26.5,-0.14,-0.5283,1085842.7,2917441.424
000400.SZ,20260420,25.51,26.45,25.45,26.41,25.66,0.75,2.9228,424031.81,1104111.41
000401.SZ,20260420,4.8,4.81,4.7,4.72,4.81,-0.09,-1.8711,187598.0,89008.375
000402.SZ,20260420,2.79,2.79,2.7,2.78,2.81,-0.03,-1.0676,682670.61,186927.649
000403.SZ,20260420,12.85,12.95,12.83,12.88,12.91,-0.03,-0.2324,50481.55,65086.712
000404.SZ,20260420,7.61,7.79,7.61,7.79,7.08,0.71,10.0282,293904.4,227071.913
000407.SZ,20260420,4.65,4.73,4.64,4.71,4.64,0.07,1.5086,191898.06,90153.312
000408.SZ,20260420,87.0,88.5,86.2,86.54,84.85,1.69,1.9918,190829.24,1661183.806
000409.SZ,20260420,10.85,10.92,10.79,10.86,10.87,-0.01,-0.092,63704.29,69155.689
000410.SZ,20260420,6.7,6.81,6.67,6.76,6.73,0.03,0.4458,148272.31,100262.214
000411.SZ,20260420,10.96,10.97,10.81,10.91,10.96,-0.05,-0.4562,33359.42,36290.66
000415.SZ,20260420,4.56,4.65,4.51,4.6,4.58,0.02,0.4367,586658.0,269904.188
000417.SZ,20260420,6.65,6.67,6.4,6.45,6.7,-0.25,-3.7313,190590.0,123226.975
000419.SZ,20260420,5.89,5.91,5.53,5.71,5.91,-0.2,-3.3841,169118.57,95532.689
000420.SZ,20260420,5.23,5.49,5.14,5.4,5.23,0.17,3.2505,2259710.26,1212799.611
000421.SZ,20260420,6.01,6.04,6.0,6.03,6.01,0.02,0.3328,56589.8,34052.001
000422.SZ,20260420,15.81,15.9,15.6,15.83,15.83,0.0,0.0,267770.17,422881.987
000423.SZ,20260420,53.84,54.24,52.6,53.97,54.03,-0.06,-0.111,87922.37,473414.43
000425.SZ,20260420,9.89,9.96,9.45,9.93,9.95,-0.02,-0.201,2485845.58,2411547.833
000426.SZ,20260420,44.48,46.63,44.3,45.48,44.28,1.2,2.71,630870.67,2880659.859
000428.SZ,20260420,3.77,3.84,3.68,3.83,3.82,0.01,0.2618,182865.69,69119.081
000429.SZ,20260420,12.72,12.72,12.48,12.64,12.7,-0.06,-0.4724,50538.38,63714.368
000430.SZ,20260420,7.97,8.04,7.89,7.91,7.98,-0.07,-0.8772,70228.47,55776.974
000488.SZ,20260420,2.61,2.64,2.56,2.58,2.63,-0.05,-1.9011,266486.39,68966.735
000498.SZ,20260420,6.01,6.01,5.81,5.84,6.05,-0.21,-3.4711,327287.79,192712.101
000501.SZ,20260420,8.5,8.5,8.42,8.46,8.51,-0.05,-0.5875,47698.88,40339.91
000503.SZ,20260420,7.57,7.67,7.46,7.59,7.57,0.02,0.2642,94079.0,71168.908
000504.SZ,20260420,9.84,9.94,9.6,9.63,9.8,-0.17,-1.7347,27452.0,26778.557
000505.SZ,20260420,6.59,6.66,6.56,6.65,6.59,0.06,0.9105,71245.0,47165.19
000506.SZ,20260420,16.9,17.66,16.83,17.4,17.03,0.37,2.1726,358634.51,622014.206
000507.SZ,20260420,5.26,5.28,5.22,5.27,5.27,0.0,0.0,102780.0,54024.246
000509.SZ,20260420,3.65,3.67,3.52,3.65,3.7,-0.05,-1.3514,393992.53,142714.445
000510.SZ,20260420,14.87,15.44,14.55,15.1,15.03,0.07,0.4657,447212.01,673761.544
000513.SZ,20260420,33.76,33.84,33.59,33.62,33.79,-0.17,-0.5031,42815.35,144040.373
000514.SZ,20260420,4.81,4.88,4.76,4.87,4.8,0.07,1.4583,129200.62,62302.033
000516.SZ,20260420,4.6,4.65,4.57,4.64,4.62,0.02,0.4329,247931.7,114461.018
000517.SZ,20260420,1.92,1.93,1.89,1.9,1.93,-0.03,-1.5544,201653.0,38327.506
000518.SZ,20260420,3.08,3.13,2.9,2.98,3.03,-0.05,-1.6502,335699.0,100323.88
000519.SZ,20260420,17.75,18.3,17.71,18.18,17.76,0.42,2.3649,301751.9,547243.066
000520.SZ,20260420,4.18,4.18,3.97,4.03,4.17,-0.14,-3.3573,296326.15,119432.831
000521.SZ,20260420,5.72,5.78,5.7,5.78,5.7,0.08,1.4035,101991.23,58644.139
000523.SZ,20260420,3.21,3.25,3.2,3.24,3.22,0.02,0.6211,160060.32,51688.283
000524.SZ,20260420,10.4,10.52,10.31,10.51,10.47,0.04,0.382,87967.0,91767.923
000525.SZ,20260420,5.75,5.79,5.71,5.74,5.77,-0.03,-0.5199,176074.47,100855.683
000526.SZ,20260420,31.77,31.77,31.11,31.3,31.81,-0.51,-1.6033,18487.01,57963.54
000528.SZ,20260420,9.54,9.6,9.43,9.59,9.54,0.05,0.5241,255931.52,244112.993
000529.SZ,20260420,5.67,5.68,5.58,5.65,5.67,-0.02,-0.3527,60059.73,33751.616
000530.SZ,20260420,6.0,6.29,5.98,6.17,5.98,0.19,3.1773,348161.68,213935.314
000531.SZ,20260420,6.7,6.79,6.65,6.78,6.72,0.06,0.8929,216119.21,145767.105
000532.SZ,20260420,13.86,13.88,13.72,13.8,13.76,0.04,0.2907,56337.0,77836.733
000533.SZ,20260420,14.85,16.18,14.74,15.98,15.04,0.94,6.25,1337790.37,2093856.602
000534.SZ,20260420,43.25,45.86,42.89,44.52,43.47,1.05,2.4155,204744.01,912842.191
000536.SZ,20260420,4.26,4.29,4.23,4.26,4.26,0.0,0.0,338808.87,143955.605
000537.SZ,20260420,10.06,10.27,9.96,10.23,10.07,0.16,1.5889,443539.15,448889.226
000538.SZ,20260420,55.19,55.34,55.0,55.0,55.29,-0.29,-0.5245,67312.41,371071.143
000539.SZ,20260420,5.73,5.91,5.69,5.81,5.71,0.1,1.7513,813841.92,471097.299
000541.SZ,20260420,5.7,5.71,5.66,5.7,5.7,0.0,0.0,61454.85,34932.779
000543.SZ,20260420,8.07,8.13,8.04,8.12,8.07,0.05,0.6196,276824.56,223772.992
000544.SZ,20260420,8.18,8.27,8.13,8.26,8.19,0.07,0.8547,41806.05,34340.211
000545.SZ,20260420,3.03,3.09,3.01,3.08,3.04,0.04,1.3158,443182.0,135825.895
000546.SZ,20260420,6.78,6.9,6.73,6.78,6.83,-0.05,-0.7321,508546.0,345449.561
000547.SZ,20260420,26.88,29.5,26.7,28.75,26.98,1.77,6.5604,3137167.3,8834132.801
000548.SZ,20260420,5.23,5.25,5.15,5.23,5.21,0.02,0.3839,66622.21,34634.144
000550.SZ,20260420,18.92,19.52,18.73,19.26,18.97,0.29,1.5287,69920.2,134212.962
000551.SZ,20260420,14.24,14.52,14.16,14.45,14.24,0.21,1.4747,115759.4,166680.813
000552.SZ,20260420,2.61,2.62,2.51,2.54,2.66,-0.12,-4.5113,1541009.64,391756.196
000553.SZ,20260420,6.18,6.29,6.14,6.19,6.21,-0.02,-0.3221,71426.28,44368.772
000554.SZ,20260420,7.95,7.99,7.87,7.97,7.92,0.05,0.6313,177008.57,140357.225
000555.SZ,20260420,15.8,15.8,15.58,15.72,15.84,-0.12,-0.7576,345414.16,542166.065
000557.SZ,20260420,4.67,4.78,4.65,4.71,4.68,0.03,0.641,89273.05,42191.531
000558.SZ,20260420,4.47,4.57,4.36,4.55,4.47,0.08,1.7897,370158.5,166350.95
000559.SZ,20260420,16.3,16.84,16.2,16.6,16.29,0.31,1.903,1105640.44,1825526.345
000560.SZ,20260420,2.97,2.98,2.92,2.94,3.0,-0.06,-2.0,962148.83,282589.751
000561.SZ,20260420,9.97,10.11,9.96,10.1,9.98,0.12,1.2024,166044.39,166746.875
000563.SZ,20260420,3.36,3.37,3.35,3.36,3.36,0.0,0.0,294322.36,98881.711
000564.SZ,20260420,1.89,1.91,1.88,1.91,1.9,0.01,0.5263,1549813.59,294100.102
000565.SZ,20260420,7.26,7.36,7.19,7.35,7.25,0.1,1.3793,65007.34,47421.669
000566.SZ,20260420,5.51,5.55,5.41,5.54,5.51,0.03,0.5445,279154.23,152510.818
000567.SZ,20260420,5.35,5.45,5.32,5.39,5.34,0.05,0.9363,112702.84,60695.597
000568.SZ,20260420,101.0,101.33,100.2,100.65,101.2,-0.55,-0.5435,77213.7,777317.193
000570.SZ,20260420,6.62,6.72,6.51,6.7,6.61,0.09,1.3616,675182.55,446922.84
000571.SZ,20260420,5.84,6.12,5.69,6.04,5.79,0.25,4.3178,356459.3,213175.711
000572.SZ,20260420,5.74,5.92,5.7,5.83,5.74,0.09,1.5679,392370.52,228901.094
000573.SZ,20260420,4.89,4.93,4.75,4.8,4.85,-0.05,-1.0309,321454.0,154912.09
000576.SZ,20260420,9.85,9.92,9.72,9.8,9.8,0.0,0.0,105774.98,103602.312
000581.SZ,20260420,19.05,19.1,18.66,18.9,19.19,-0.29,-1.5112,249896.79,471687.917
000582.SZ,20260420,10.76,11.03,10.72,11.0,10.78,0.22,2.0408,347048.67,379442.618
000586.SZ,20260420,19.41,21.34,19.41,21.34,19.4,1.94,10.0,436324.54,896530.25
000589.SZ,20260420,4.56,4.58,4.54,4.56,4.56,0.0,0.0,138750.11,63323.993
000590.SZ,20260420,11.25,11.26,11.03,11.1,11.19,-0.09,-0.8043,40298.37,44658.83
000591.SZ,20260420,5.34,5.41,5.31,5.39,5.34,0.05,0.9363,706437.72,379378.253
000592.SZ,20260420,11.31,11.55,11.22,11.4,10.94,0.46,4.2048,2736374.23,3121332.475
000593.SZ,20260420,18.75,18.97,18.15,18.34,18.76,-0.42,-2.2388,244831.65,452219.781
000595.SZ,20260420,6.88,7.1,6.64,6.76,6.88,-0.12,-1.7442,323745.79,220434.465
000596.SZ,20260420,104.97,106.1,103.91,106.0,105.3,0.7,0.6648,18044.99,189713.831
000597.SZ,20260420,5.28,5.31,5.22,5.24,5.34,-0.1,-1.8727,145065.95,76181.241
000598.SZ,20260420,6.62,6.68,6.6,6.67,6.62,0.05,0.7553,161445.54,107223.156
000599.SZ,20260420,5.38,5.4,5.32,5.36,5.39,-0.03,-0.5566,102033.0,54622.339
000600.SZ,20260420,9.4,9.53,9.26,9.29,9.42,-0.13,-1.38,224840.57,209530.652
000601.SZ,20260420,6.61,6.88,6.59,6.84,6.63,0.21,3.1674,1075948.23,728686.463
000603.SZ,20260420,41.3,42.29,40.93,41.19,41.04,0.15,0.3655,216267.68,899786.356
000605.SZ,20260420,6.7,6.77,6.66,6.75,6.71,0.04,0.5961,46090.0,30986.549
000607.SZ,20260420,4.04,4.09,3.99,4.07,4.03,0.04,0.9926,92081.0,37326.451
000608.SZ,20260420,3.9,4.04,3.86,4.03,3.97,0.06,1.5113,202028.47,79335.416
000609.SZ,20260420,10.25,10.25,10.25,10.25,9.76,0.49,5.0205,8623.0,8838.575
000610.SZ,20260420,8.41,8.98,8.41,8.79,9.18,-0.39,-4.2484,299582.77,258771.155
000612.SZ,20260420,13.65,13.69,13.4,13.48,13.8,-0.32,-2.3188,460377.57,622258.089
000615.SZ,20260420,3.4,3.49,3.37,3.46,3.4,0.06,1.7647,118700.6,40817.219
000617.SZ,20260420,9.4,9.57,9.36,9.51,9.43,0.08,0.8484,1376915.71,1303682.492
000619.SZ,20260420,5.83,5.88,5.79,5.86,5.81,0.05,0.8606,57988.0,33872.43
000620.SZ,20260420,2.84,2.86,2.8,2.84,2.86,-0.02,-0.6993,1374505.81,389220.52
000623.SZ,20260420,18.15,18.15,17.82,17.94,18.21,-0.27,-1.4827,123916.94,222731.983
000625.SZ,20260420,10.06,10.13,10.02,10.04,10.06,-0.02,-0.1988,718587.3,722291.129
000626.SZ,20260420,8.38,8.99,8.34,8.72,8.38,0.34,4.0573,294888.0,257849.884
000628.SZ,20260420,62.11,62.4,59.55,60.0,61.19,-1.19,-1.9448,169157.63,1026679.426
000629.SZ,20260420,3.5,3.55,3.48,3.51,3.51,0.0,0.0,1011768.71,355107.991
000630.SZ,20260420,6.45,6.64,6.45,6.52,6.43,0.09,1.3997,3261970.27,2127307.208
000631.SZ,20260420,3.2,3.26,3.17,3.26,3.2,0.06,1.875,172538.14,55718.697
000632.SZ,20260420,4.44,4.51,4.43,4.51,4.43,0.08,1.8059,148775.01,66661.931
000633.SZ,20260420,6.77,6.9,6.74,6.8,6.78,0.02,0.295,106096.01,72276.792
000635.SZ,20260420,8.12,8.27,8.03,8.25,8.12,0.13,1.601,50792.0,41561.596
000636.SZ,20260420,22.01,22.8,21.87,22.17,21.99,0.18,0.8186,636726.97,1424201.735
000637.SZ,20260420,4.35,4.4,4.32,4.38,4.35,0.03,0.6897,56175.0,24530.647
000639.SZ,20260420,2.12,2.16,2.07,2.15,2.14,0.01,0.4673,645043.62,136343.751
000650.SZ,20260420,5.78,5.81,5.76,5.77,5.8,-0.03,-0.5172,109560.5,63306.779
000651.SZ,20260420,36.93,37.01,36.8,36.94,36.95,-0.01,-0.0271,269786.43,995994.349
000652.SZ,20260420,4.15,4.25,4.12,4.24,4.15,0.09,2.1687,203221.39,85552.832
000655.SZ,20260420,8.55,8.75,8.55,8.62,8.55,0.07,0.8187,96602.2,83606.269
000656.SZ,20260420,1.47,1.49,1.46,1.47,1.46,0.01,0.6849,945413.98,139043.375
000657.SZ,20260420,57.16,60.75,57.16,58.54,56.12,2.42,4.3122,1441615.64,8498681.82
000659.SZ,20260420,4.11,4.31,4.07,4.13,4.11,0.02,0.4866,400498.6,167525.99
000661.SZ,20260420,86.4,87.0,85.51,86.99,86.62,0.37,0.4272,39450.89,340354.03
000663.SZ,20260420,6.36,6.44,6.33,6.43,6.35,0.08,1.2598,64863.0,41431.788
000665.SZ,20260420,4.71,4.79,4.71,4.76,4.75,0.01,0.2105,105963.95,50405.173
000668.SZ,20260420,14.69,14.69,14.19,14.35,14.67,-0.32,-2.1813,22932.57,32822.392
000669.SZ,20260420,4.4,4.41,4.24,4.24,4.46,-0.22,-4.9327,256927.8,110001.126
000670.SZ,20260420,8.09,8.12,8.03,8.05,8.07,-0.02,-0.2478,370883.06,298950.887
000672.SZ,20260420,13.48,13.75,13.32,13.66,13.5,0.16,1.1852,90954.43,123657.272
000676.SZ,20260420,7.69,7.82,7.67,7.77,7.7,0.07,0.9091,213399.62,165714.3
000677.SZ,20260420,4.51,4.58,4.46,4.54,4.55,-0.01,-0.2198,288259.0,130555.431
000678.SZ,20260420,12.31,12.46,12.08,12.43,12.27,0.16,1.304,128190.78,158709.054
000679.SZ,20260420,6.72,6.85,6.62,6.8,6.76,0.04,0.5917,62448.0,41969.009
000680.SZ,20260420,11.7,11.71,11.3,11.46,11.76,-0.3,-2.551,244272.21,278978.514
000681.SZ,20260420,21.07,21.62,20.8,21.47,21.02,0.45,2.1408,330845.07,708818.913
000682.SZ,20260420,13.11,13.28,12.96,13.24,13.12,0.12,0.9146,256301.54,337656.388
000683.SZ,20260420,8.43,8.51,8.22,8.32,8.44,-0.12,-1.4218,636493.24,531122.394
000685.SZ,20260420,11.12,11.21,11.08,11.18,11.17,0.01,0.0895,93592.0,104488.123
000686.SZ,20260420,8.3,8.35,8.28,8.31,8.3,0.01,0.1205,111431.55,92700.344
000688.SZ,20260420,45.45,46.36,44.41,44.8,45.4,-0.6,-1.3216,221068.95,996121.747
000690.SZ,20260420,4.75,4.79,4.71,4.79,4.77,0.02,0.4193,628620.62,298698.45
000691.SZ,20260420,7.98,8.05,7.89,8.02,8.08,-0.06,-0.7426,45162.91,35995.996
000692.SZ,20260420,4.28,4.35,4.22,4.34,4.24,0.1,2.3585,119154.0,51205.58
000695.SZ,20260420,15.08,15.35,14.9,15.27,14.99,0.28,1.8679,126771.0,192489.74
000697.SZ,20260420,10.17,10.36,10.04,10.28,10.18,0.1,0.9823,66416.91,67682.592
000698.SZ,20260420,3.84,3.86,3.83,3.85,3.84,0.01,0.2604,35832.0,13777.526
000700.SZ,20260420,11.69,11.69,11.41,11.43,11.73,-0.3,-2.5575,332240.18,381877.008
000701.SZ,20260420,5.85,5.89,5.8,5.86,5.84,0.02,0.3425,79491.24,46608.654
000702.SZ,20260420,6.61,7.01,6.51,6.96,6.59,0.37,5.6146,198483.92,134191.19
000703.SZ,20260420,15.11,16.0,14.93,15.3,15.11,0.19,1.2574,649328.92,1009172.916
000705.SZ,20260420,8.78,8.78,8.47,8.73,8.8,-0.07,-0.7955,88880.0,76677.216
000707.SZ,20260420,5.85,5.88,5.8,5.83,5.84,-0.01,-0.1712,75972.89,44293.369
000708.SZ,20260420,16.83,16.89,16.6,16.85,16.74,0.11,0.6571,92890.51,156107.213
000709.SZ,20260420,2.31,2.32,2.29,2.29,2.32,-0.03,-1.2931,1006845.93,231654.833
000710.SZ,20260420,10.03,10.25,9.98,10.23,10.06,0.17,1.6899,55258.0,55989.902
000711.SZ,20260420,4.0,4.04,3.9,3.9,4.1,-0.2,-4.878,837400.0,328439.771
000712.SZ,20260420,10.65,10.65,10.53,10.55,10.6,-0.05,-0.4717,102052.34,107990.355
000713.SZ,20260420,6.53,6.59,6.47,6.51,6.51,0.0,0.0,58089.95,37804.274
000715.SZ,20260420,5.7,5.7,5.6,5.7,5.72,-0.02,-0.3497,63298.18,35769.488
000716.SZ,20260420,5.1,5.16,5.08,5.15,5.1,0.05,0.9804,76894.0,39425.015
000717.SZ,20260420,2.43,2.45,2.41,2.43,2.43,0.0,0.0,127692.01,31057.765
000718.SZ,20260420,2.12,2.13,2.09,2.12,2.13,-0.01,-0.4695,244837.99,51706.9
000719.SZ,20260420,14.38,14.5,13.88,14.1,14.22,-0.12,-0.8439,185878.88,261346.259
000720.SZ,20260420,4.83,5.05,4.8,4.96,4.74,0.22,4.6414,1684208.0,833159.798
000721.SZ,20260420,8.05,8.1,7.92,8.06,8.09,-0.03,-0.3708,116431.99,93226.426
000722.SZ,20260420,13.35,13.74,13.35,13.7,13.41,0.29,2.1626,284687.58,386938.387
000723.SZ,20260420,4.49,4.53,4.47,4.5,4.5,0.0,0.0,448780.82,201888.208
000725.SZ,20260420,4.06,4.24,4.05,4.19,4.02,0.17,4.2289,11904594.49,4939630.314
000726.SZ,20260420,6.66,6.7,6.63,6.69,6.69,0.0,0.0,84095.38,56035.435
000727.SZ,20260420,2.72,2.81,2.71,2.77,2.72,0.05,1.8382,1235305.0,342037.035
000728.SZ,20260420,7.87,7.9,7.85,7.87,7.86,0.01,0.1272,176703.04,139066.105
000729.SZ,20260420,12.86,12.94,12.66,12.81,12.88,-0.07,-0.5435,302351.55,386849.769
000731.SZ,20260420,7.1,7.16,7.01,7.09,7.16,-0.07,-0.9777,111260.0,78669.318
000733.SZ,20260420,46.96,47.63,46.92,47.54,46.96,0.58,1.2351,90208.87,427436.221
000735.SZ,20260420,7.05,7.31,7.04,7.15,6.92,0.23,3.3237,404825.38,290002.116
000736.SZ,20260420,5.33,5.33,5.23,5.27,5.32,-0.05,-0.9398,54850.34,28903.787
000737.SZ,20260420,14.14,14.28,14.05,14.17,14.12,0.05,0.3541,318747.46,452022.517
000738.SZ,20260420,21.68,22.12,21.33,21.97,21.65,0.32,1.4781,364418.29,793524.293
000739.SZ,20260420,17.76,17.78,17.17,17.18,17.78,-0.6,-3.3746,93287.0,161863.209
000750.SZ,20260420,3.9,3.9,3.87,3.87,3.88,-0.01,-0.2577,286981.32,111448.153
000751.SZ,20260420,6.1,6.12,5.84,5.89,5.77,0.12,2.0797,1384698.11,823314.472
000752.SZ,20260420,9.66,9.93,9.66,9.93,9.46,0.47,4.9683,19131.01,18920.52
000753.SZ,20260420,6.66,6.72,6.61,6.67,6.58,0.09,1.3678,205480.02,137067.359
000755.SZ,20260420,5.12,5.13,5.07,5.12,5.1,0.02,0.3922,38769.09,19784.837
000756.SZ,20260420,14.52,14.6,14.48,14.55,14.61,-0.06,-0.4107,33890.53,49296.184
000757.SZ,20260420,4.7,4.74,4.66,4.73,4.7,0.03,0.6383,69912.72,32942.83
000758.SZ,20260420,7.02,7.13,7.01,7.07,6.95,0.12,1.7266,453113.42,320133.295
000759.SZ,20260420,5.6,5.62,5.5,5.6,5.63,-0.03,-0.5329,169701.0,94444.65
000761.SZ,20260420,3.02,3.03,2.98,3.01,3.02,-0.01,-0.3311,110493.0,33235.485
000762.SZ,20260420,36.52,37.4,35.79,36.0,36.84,-0.84,-2.2801,512321.3,1865107.433
000766.SZ,20260420,23.56,24.08,23.38,23.77,23.65,0.12,0.5074,196555.38,467340.667
000767.SZ,20260420,3.87,3.94,3.82,3.92,3.87,0.05,1.292,1352947.29,526079.701
000768.SZ,20260420,24.67,24.84,24.42,24.79,24.67,0.12,0.4864,324662.0,800316.519
000776.SZ,20260420,20.08,20.23,19.9,20.13,20.11,0.02,0.0995,480721.12,963359.684
000777.SZ,20260420,22.85,23.34,22.71,23.2,22.84,0.36,1.5762,118804.13,274192.35
000778.SZ,20260420,4.54,4.91,4.54,4.75,4.46,0.29,6.5022,1627970.67,779347.16
000779.SZ,20260420,8.75,8.86,8.71,8.78,8.75,0.03,0.3429,48355.01,42547.828
000782.SZ,20260420,5.95,6.13,5.9,6.07,5.99,0.08,1.3356,376520.02,228027.887
000783.SZ,20260420,7.34,7.34,7.22,7.25,7.3,-0.05,-0.6849,397221.04,288962.288
000785.SZ,20260420,2.62,2.63,2.59,2.62,2.63,-0.01,-0.3802,598693.0,156127.268
000786.SZ,20260420,25.51,25.98,25.43,25.68,25.67,0.01,0.039,128971.11,330652.881
000788.SZ,20260420,6.54,6.62,6.46,6.6,6.54,0.06,0.9174,580321.5,380374.038
000789.SZ,20260420,5.09,5.1,5.07,5.08,5.09,-0.01,-0.1965,38874.33,19767.406
000790.SZ,20260420,4.01,4.06,3.94,4.04,4.02,0.02,0.4975,201791.49,80667.814
000791.SZ,20260420,8.31,8.43,8.16,8.22,8.27,-0.05,-0.6046,689970.25,570854.311
000792.SZ,20260420,37.9,37.99,37.2,37.51,37.89,-0.38,-1.0029,772609.9,2894684.997
000793.SZ,20260420,2.8,2.85,2.76,2.78,2.81,-0.03,-1.0676,320221.63,89418.404
000795.SZ,20260420,9.3,9.47,9.3,9.43,9.33,0.1,1.0718,190014.03,178781.301
000796.SZ,20260420,5.39,5.5,5.35,5.43,5.44,-0.01,-0.1838,581899.0,314891.902
000797.SZ,20260420,2.78,2.79,2.75,2.78,2.78,0.0,0.0,145163.0,40251.239
000798.SZ,20260420,10.36,10.45,10.28,10.44,10.24,0.2,1.9531,97271.43,100946.739
000799.SZ,20260420,42.95,43.72,42.8,43.52,43.11,0.41,0.9511,42377.19,183504.805
000800.SZ,20260420,7.02,7.06,6.98,7.02,7.02,0.0,0.0,138574.85,97260.522
000801.SZ,20260420,14.25,14.55,14.22,14.47,14.19,0.28,1.9732,139434.48,201101.601
000802.SZ,20260420,3.98,4.13,3.97,4.05,3.96,0.09,2.2727,142718.3,57649.477
000803.SZ,20260420,8.17,8.9,8.14,8.71,8.18,0.53,6.4792,491796.5,420693.657
000807.SZ,20260420,36.02,36.1,34.8,35.14,36.67,-1.53,-4.1723,623842.1,2194330.109
000809.SZ,20260420,3.5,3.59,3.48,3.58,3.52,0.06,1.7045,133771.5,47445.233
000810.SZ,20260420,12.18,12.3,12.05,12.16,12.19,-0.03,-0.2461,177268.45,215862.254
000811.SZ,20260420,19.6,19.92,19.06,19.54,19.26,0.28,1.4538,290566.59,566603.69
000812.SZ,20260420,3.96,3.98,3.93,3.95,3.95,0.0,0.0,91761.7,36262.713
000813.SZ,20260420,3.37,3.37,3.32,3.34,3.38,-0.04,-1.1834,206798.41,69124.107
000815.SZ,20260420,21.62,22.1,21.34,21.95,21.6,0.35,1.6204,1509227.23,3273429.998
000816.SZ,20260420,3.23,3.28,3.22,3.26,3.22,0.04,1.2422,275739.02,89818.326
000818.SZ,20260420,14.9,15.13,14.83,14.98,14.93,0.05,0.3349,278298.69,416847.065
000819.SZ,20260420,15.66,15.8,15.45,15.53,15.73,-0.2,-1.2715,85329.17,132927.865
000820.SZ,20260420,3.49,3.65,3.49,3.61,3.49,0.12,3.4384,92771.76,33331.185
000821.SZ,20260420,11.54,11.65,11.36,11.54,11.54,0.0,0.0,147824.0,169924.744
000822.SZ,20260420,5.94,6.36,5.9,6.19,5.91,0.28,4.7377,744780.48,461248.006
000823.SZ,20260420,15.76,16.44,15.68,16.04,15.8,0.24,1.519,289408.24,465917.243
000825.SZ,20260420,4.51,4.71,4.5,4.6,4.51,0.09,1.9956,593907.09,273969.623
000826.SZ,20260420,1.93,2.08,1.92,2.02,1.94,0.08,4.1237,747884.53,151220.411
000828.SZ,20260420,9.98,10.01,9.95,9.98,9.98,0.0,0.0,26089.0,26033.463
000829.SZ,20260420,10.89,11.24,10.67,11.01,10.97,0.04,0.3646,760046.29,830665.842
000830.SZ,20260420,16.1,16.22,15.63,15.72,16.19,-0.47,-2.903,418296.01,662531.355
000831.SZ,20260420,51.9,54.45,51.79,54.35,52.11,2.24,4.2986,427028.62,2288312.72
000833.SZ,20260420,25.14,26.36,25.04,26.33,25.2,1.13,4.4841,533639.9,1376025.246
000837.SZ,20260420,10.99,11.04,10.93,11.02,11.0,0.02,0.1818,110714.01,121723.532
000838.SZ,20260420,1.82,1.86,1.78,1.85,1.82,0.03,1.6484,450398.69,81900.847
000839.SZ,20260420,3.17,3.21,3.15,3.18,3.18,0.0,0.0,498133.53,158118.064
000848.SZ,20260420,8.15,8.32,8.15,8.26,8.16,0.1,1.2255,121267.49,100132.582
000850.SZ,20260420,4.87,4.94,4.86,4.91,4.87,0.04,0.8214,62092.03,30446.33
000852.SZ,20260420,6.7,6.88,6.7,6.87,6.73,0.14,2.0802,122985.94,83774.04
000856.SZ,20260420,10.69,10.95,10.62,10.9,10.7,0.2,1.8692,82625.01,89436.242
000858.SZ,20260420,101.82,101.95,101.05,101.35,101.86,-0.51,-0.5007,116960.8,1186004.538
000859.SZ,20260420,9.76,9.91,9.6,9.79,9.79,0.0,0.0,367943.17,359749.632
000860.SZ,20260420,12.89,12.94,12.83,12.88,12.91,-0.03,-0.2324,37205.23,47948.652
000862.SZ,20260420,6.38,6.53,6.35,6.53,6.39,0.14,2.1909,418539.23,270299.629
000863.SZ,20260420,5.13,5.25,5.03,5.06,5.13,-0.07,-1.3645,290545.6,147898.597
000868.SZ,20260420,4.34,4.4,4.32,4.36,4.34,0.02,0.4608,61156.11,26664.408
000869.SZ,20260420,19.23,19.23,19.09,19.1,19.08,0.02,0.1048,6425.99,12307.366
000875.SZ,20260420,6.75,6.79,6.7,6.77,6.74,0.03,0.4451,471492.41,318360.378
000876.SZ,20260420,8.81,8.9,8.72,8.81,8.8,0.01,0.1136,321102.19,282374.113
000877.SZ,20260420,4.77,4.79,4.73,4.78,4.77,0.01,0.2096,78210.6,37238.218
000878.SZ,20260420,19.99,20.02,19.57,19.73,19.82,-0.09,-0.4541,529828.0,1045362.85
000880.SZ,20260420,28.17,31.14,28.08,31.14,28.31,2.83,9.9965,430077.04,1313104.071
000881.SZ,20260420,7.61,7.76,7.6,7.76,7.59,0.17,2.2398,96316.93,74359.139
000882.SZ,20260420,1.62,1.63,1.6,1.63,1.63,0.0,0.0,400131.61,64760.36
000883.SZ,20260420,4.64,4.95,4.64,4.85,4.64,0.21,4.5259,780737.32,376834.155
000885.SZ,20260420,13.66,13.66,13.47,13.58,13.7,-0.12,-0.8759,51821.57,70216.484
000886.SZ,20260420,5.67,5.77,5.65,5.75,5.67,0.08,1.4109,131100.28,75056.261
000887.SZ,20260420,18.96,19.01,18.65,18.68,18.95,-0.27,-1.4248,231292.59,435071.842
000888.SZ,20260420,12.5,12.66,12.35,12.63,12.52,0.11,0.8786,100362.41,125944.64
000889.SZ,20260420,5.42,5.45,5.03,5.14,5.29,-0.15,-2.8355,2555624.85,1334000.874
000890.SZ,20260420,12.56,13.6,12.31,13.55,12.41,1.14,9.1861,792859.1,1033933.801
000892.SZ,20260420,6.24,6.4,6.22,6.35,6.33,0.02,0.316,389592.0,245772.419
000893.SZ,20260420,54.21,54.92,53.0,53.07,54.38,-1.31,-2.409,184237.68,989188.5
000895.SZ,20260420,28.39,28.59,28.21,28.32,28.4,-0.08,-0.2817,75554.76,214103.75
000897.SZ,20260420,2.1,2.11,2.07,2.11,2.11,0.0,0.0,174514.21,36514.933
000898.SZ,20260420,2.32,2.34,2.3,2.32,2.33,-0.01,-0.4292,268506.44,62372.631
000899.SZ,20260420,13.14,13.45,13.0,13.44,13.2,0.24,1.8182,385319.03,509676.524
000900.SZ,20260420,4.08,4.09,4.06,4.08,4.09,-0.01,-0.2445,62223.75,25368.564
000901.SZ,20260420,23.16,23.94,23.16,23.93,23.12,0.81,3.5035,499525.72,1184277.451
000902.SZ,20260420,15.1,15.15,14.8,14.94,15.17,-0.23,-1.5162,177559.08,264773.82
000903.SZ,20260420,2.54,2.56,2.53,2.55,2.54,0.01,0.3937,159148.02,40443.178
000905.SZ,20260420,10.99,11.13,10.99,11.09,10.95,0.14,1.2785,109939.57,121770.86
000906.SZ,20260420,5.71,5.74,5.67,5.7,5.67,0.03,0.5291,46981.0,26812.878
000908.SZ,20260420,7.29,7.33,7.1,7.14,7.29,-0.15,-2.0576,176634.81,126533.072
000909.SZ,20260420,6.62,6.68,6.52,6.68,6.66,0.02,0.3003,36131.75,23828.963
000910.SZ,20260420,6.87,6.92,6.85,6.91,6.88,0.03,0.436,30877.0,21293.127
000911.SZ,20260420,5.75,5.92,5.68,5.87,5.78,0.09,1.5571,108138.02,62906.437
000912.SZ,20260420,4.85,4.9,4.78,4.89,4.84,0.05,1.0331,360960.15,174947.494
000913.SZ,20260420,15.4,15.63,15.13,15.43,15.48,-0.05,-0.323,90545.01,138899.147
000915.SZ,20260420,31.35,31.45,31.17,31.26,31.35,-0.09,-0.2871,25271.1,79003.573
000917.SZ,20260420,9.9,10.11,9.9,10.01,9.9,0.11,1.1111,381442.24,382568.075
000919.SZ,20260420,7.97,8.0,7.76,7.88,7.96,-0.08,-1.005,554603.9,435787.558
000920.SZ,20260420,11.97,12.21,11.9,12.05,11.95,0.1,0.8368,45862.0,55330.977
000921.SZ,20260420,22.5,22.59,22.36,22.5,22.46,0.04,0.1781,39802.38,89543.135
000922.SZ,20260420,14.14,14.47,14.04,14.24,14.14,0.1,0.7072,84692.87,120720.929
000923.SZ,20260420,18.9,19.22,18.73,18.84,18.95,-0.11,-0.5805,111573.01,210752.8
000925.SZ,20260420,7.43,7.55,7.38,7.5,7.36,0.14,1.9022,139186.83,104327.141
000926.SZ,20260420,2.03,2.03,1.99,2.01,2.03,-0.02,-0.9852,187816.6,37674.515
000927.SZ,20260420,2.87,2.92,2.86,2.91,2.9,0.01,0.3448,840012.24,242957.814
000928.SZ,20260420,6.87,7.17,6.79,7.06,6.88,0.18,2.6163,589141.98,413956.902
000929.SZ,20260420,10.3,10.7,10.16,10.57,10.19,0.38,3.7291,50301.66,53187.972
000930.SZ,20260420,6.45,6.48,6.42,6.43,6.44,-0.01,-0.1553,155024.06,99936.913
000931.SZ,20260420,5.19,5.19,4.95,5.1,5.2,-0.1,-1.9231,218796.11,109985.166
000932.SZ,20260420,5.05,5.1,4.98,5.05,5.05,0.0,0.0,739431.46,373400.423
000933.SZ,20260420,34.45,34.5,33.41,33.69,34.75,-1.06,-3.0504,464868.95,1566756.527
000935.SZ,20260420,27.44,28.3,27.38,28.11,27.38,0.73,2.6662,64530.05,180887.934
000936.SZ,20260420,8.13,8.39,8.04,8.34,8.34,0.0,0.0,922412.87,756709.508
000937.SZ,20260420,5.51,5.53,5.45,5.46,5.53,-0.07,-1.2658,193457.04,105881.569
000938.SZ,20260420,27.95,29.15,27.9,28.41,27.7,0.71,2.5632,1361878.14,3905210.625
000948.SZ,20260420,15.68,15.73,15.58,15.59,15.67,-0.08,-0.5105,29339.25,45921.929
000949.SZ,20260420,7.27,8.04,7.13,8.04,7.31,0.73,9.9863,1279008.66,995968.875
000950.SZ,20260420,6.07,6.12,6.02,6.12,6.09,0.03,0.4926,538104.0,326002.729
000951.SZ,20260420,23.73,24.16,23.35,23.59,23.82,-0.23,-0.9656,127216.4,301849.348
000952.SZ,20260420,6.71,6.76,6.65,6.72,6.74,-0.02,-0.2967,52712.54,35330.691
000953.SZ,20260420,6.5,6.63,6.45,6.62,6.53,0.09,1.3783,64195.0,42191.322
000955.SZ,20260420,5.01,5.16,4.96,5.14,5.03,0.11,2.1869,139337.0,70917.999
000957.SZ,20260420,12.2,12.25,11.87,12.07,12.06,0.01,0.0829,189025.0,227017.254
000958.SZ,20260420,6.1,6.12,6.05,6.08,6.09,-0.01,-0.1642,225469.41,137063.941
000959.SZ,20260420,4.68,4.68,4.5,4.56,4.75,-0.19,-4.0,731657.06,334324.883
000960.SZ,20260420,35.8,39.1,35.8,37.55,35.58,1.97,5.5368,873098.11,3295715.69
000962.SZ,20260420,46.81,49.1,46.28,48.76,46.73,2.03,4.3441,267186.59,1288181.139
000963.SZ,20260420,34.35,34.53,34.22,34.43,34.45,-0.02,-0.0581,75787.15,260492.245
000965.SZ,20260420,3.64,3.65,3.58,3.63,3.65,-0.02,-0.5479,147390.24,53256.326
000966.SZ,20260420,4.26,4.33,4.24,4.33,4.26,0.07,1.6432,546909.98,234627.777
000967.SZ,20260420,14.19,14.58,13.47,14.1,14.0,0.1,0.7143,2720601.56,3807640.246
000968.SZ,20260420,9.07,9.16,8.9,9.01,9.03,-0.02,-0.2215,590470.01,533487.348
000969.SZ,20260420,21.54,21.87,21.46,21.8,21.55,0.25,1.1601,239891.47,520743.356
000970.SZ,20260420,12.2,12.35,12.17,12.3,12.19,0.11,0.9024,186640.06,229317.777
000972.SZ,20260420,3.92,4.01,3.88,3.99,3.91,0.08,2.046,123804.0,48806.276
000973.SZ,20260420,18.01,18.35,17.47,18.04,18.42,-0.38,-2.063,862510.61,1542398.093
000975.SZ,20260420,29.68,31.01,29.59,30.37,29.73,0.64,2.1527,267659.06,818260.534
000977.SZ,20260420,69.45,75.05,69.45,73.12,68.23,4.89,7.1669,1486776.09,10962102.359
000978.SZ,20260420,7.68,7.94,7.49,7.9,7.91,-0.01,-0.1264,511100.09,394719.885
000980.SZ,20260420,2.08,2.28,2.04,2.16,2.09,0.07,3.3493,3069612.44,667034.918
000981.SZ,20260420,4.03,4.15,3.96,4.11,4.05,0.06,1.4815,3802916.69,1542799.788
000983.SZ,20260420,6.36,6.38,6.27,6.32,6.36,-0.04,-0.6289,504198.85,317920.549
000985.SZ,20260420,19.09,19.3,18.81,19.2,18.9,0.3,1.5873,16837.0,32077.781
000987.SZ,20260420,8.94,9.01,8.89,8.97,8.96,0.01,0.1116,430517.4,385606.04
000988.SZ,20260420,115.18,118.2,113.7,114.98,116.68,-1.7,-1.457,927997.11,10751370.615
000989.SZ,20260420,9.47,9.5,9.32,9.47,9.51,-0.04,-0.4206,167190.91,157277.701
000990.SZ,20260420,10.59,11.12,10.42,11.12,10.67,0.45,4.2174,780290.6,844108.956
000993.SZ,20260420,12.22,12.56,12.14,12.56,12.18,0.38,3.1199,225597.43,279090.92
000995.SZ,20260420,13.7,14.03,13.55,13.9,13.75,0.15,1.0909,100927.01,139691.511
000997.SZ,20260420,21.26,21.63,21.01,21.49,21.26,0.23,1.0818,278891.22,597960.621
000998.SZ,20260420,10.0,10.08,9.89,9.95,9.89,0.06,0.6067,238988.02,238111.877
000999.SZ,20260420,27.47,27.56,27.34,27.54,27.48,0.06,0.2183,76226.62,209115.534
001201.SZ,20260420,13.38,13.45,13.05,13.24,13.22,0.02,0.1513,68064.12,89887.485
001202.SZ,20260420,16.96,17.08,16.86,17.0,16.96,0.04,0.2358,13332.9,22608.731
001203.SZ,20260420,46.52,46.72,44.9,45.66,46.52,-0.86,-1.8487,276964.99,1261394.605
001205.SZ,20260420,14.88,14.94,14.55,14.63,14.69,-0.06,-0.4084,50695.09,74272.385
001206.SZ,20260420,20.26,20.48,19.92,20.3,20.16,0.14,0.6944,42146.29,85219.579
001207.SZ,20260420,19.51,19.67,19.21,19.65,19.64,0.01,0.0509,41705.64,81279.107
001208.SZ,20260420,21.53,23.0,21.23,22.85,21.84,1.01,4.6245,679273.0,1518783.406
001209.SZ,20260420,20.45,20.68,20.21,20.62,20.45,0.17,0.8313,15508.0,31854.139
001210.SZ,20260420,21.3,21.3,20.68,21.25,21.29,-0.04,-0.1879,26696.46,56180.921
001211.SZ,20260420,31.32,32.39,31.32,32.06,31.8,0.26,0.8176,45566.0,145252.383
001212.SZ,20260420,48.85,49.47,48.03,48.88,48.81,0.07,0.1434,47385.15,231267.5
001213.SZ,20260420,4.03,4.03,4.01,4.02,4.03,-0.01,-0.2481,104473.09,41995.779
001215.SZ,20260420,39.5,39.63,38.72,39.53,39.49,0.04,0.1013,25037.0,98094.843
001216.SZ,20260420,18.8,18.99,18.59,18.82,18.74,0.08,0.4269,45342.41,85033.819
001217.SZ,20260420,11.72,12.1,11.62,11.88,11.72,0.16,1.3652,53376.0,63501.281
001218.SZ,20260420,25.5,25.65,25.18,25.56,25.51,0.05,0.196,12290.88,31135.164
001219.SZ,20260420,14.7,15.07,14.7,14.96,14.7,0.26,1.7687,51860.62,77478.348
001220.SZ,20260420,45.56,45.85,44.71,45.58,45.66,-0.08,-0.1752,47079.66,213932.274
001221.SZ,20260420,64.15,64.68,62.25,62.62,64.1,-1.48,-2.3089,13526.09,85158.063
001222.SZ,20260420,19.89,20.04,19.7,19.95,19.88,0.07,0.3521,13699.98,27235.831
001223.SZ,20260420,60.02,60.9,58.5,59.1,60.02,-0.92,-1.5328,19200.0,114050.538
001225.SZ,20260420,50.72,51.15,50.11,50.95,50.6,0.35,0.6917,10055.0,51030.884
001226.SZ,20260420,44.98,45.83,44.63,45.34,44.98,0.36,0.8004,11523.0,52330.6
001227.SZ,20260420,2.23,2.24,2.22,2.23,2.23,0.0,0.0,265659.79,59288.353
001228.SZ,20260420,33.88,34.39,33.27,34.39,33.88,0.51,1.5053,18363.64,62188.484
001229.SZ,20260420,36.43,40.07,36.43,40.07,36.43,3.64,9.9918,31399.99,122899.921
001230.SZ,20260420,28.26,28.76,27.88,28.41,27.99,0.42,1.5005,54969.0,155155.997
001231.SZ,20260420,24.93,25.0,24.15,24.21,24.93,-0.72,-2.8881,39515.0,96852.26
001233.SZ,20260420,67.81,69.5,67.5,68.5,67.65,0.85,1.2565,16093.05,110269.135
001234.SZ,20260420,27.79,27.79,27.21,27.48,27.79,-0.31,-1.1155,19285.0,52894.935
001236.SZ,20260420,9.38,9.39,9.28,9.29,9.31,-0.02,-0.2148,51339.33,47800.236
001238.SZ,20260420,46.66,47.85,46.13,47.53,46.6,0.93,1.9957,5786.05,27423.905
001239.SZ,20260420,15.3,15.4,15.26,15.31,15.3,0.01,0.0654,21192.0,32449.76
001255.SZ,20260420,37.28,37.88,37.06,37.54,37.27,0.27,0.7244,13061.0,49082.058
001256.SZ,20260420,24.5,24.51,24.06,24.26,24.5,-0.24,-0.9796,18778.01,45498.921
001257.SZ,20260420,22.9,23.96,22.82,23.8,23.12,0.68,2.9412,324897.29,761836.974
001258.SZ,20260420,9.05,9.13,8.83,9.03,9.06,-0.03,-0.3311,310614.0,278390.804
001259.SZ,20260420,31.56,31.98,30.55,31.79,31.54,0.25,0.7926,8183.0,25968.54
001260.SZ,20260420,21.04,21.7,20.74,21.43,21.03,0.4,1.902,21648.0,46074.182
001266.SZ,20260420,33.3,33.57,32.66,33.29,32.98,0.31,0.94,18682.6,62169.435
001267.SZ,20260420,44.35,45.3,42.72,43.33,44.71,-1.38,-3.0866,699928.24,3066157.105
001268.SZ,20260420,32.66,33.93,31.86,33.81,33.0,0.81,2.4545,44347.6,145836.953
001269.SZ,20260420,22.59,22.76,22.31,22.61,22.61,0.0,0.0,25819.29,58206.679
001270.SZ,20260420,136.11,142.8,136.11,142.8,136.0,6.8,5.0,50054.32,705703.175
001277.SZ,20260420,35.5,35.9,35.11,35.85,35.4,0.45,1.2712,9079.0,32334.201
001278.SZ,20260420,21.11,21.98,20.8,21.68,21.11,0.57,2.7001,30013.0,64165.047
001279.SZ,20260420,31.25,31.58,31.17,31.52,31.22,0.3,0.9609,4939.0,15522.602
001280.SZ,20260420,82.33,83.45,81.26,83.24,82.45,0.79,0.9582,118880.77,982961.625
001282.SZ,20260420,21.02,21.18,20.82,20.95,21.05,-0.1,-0.4751,30819.7,64522.91
001283.SZ,20260420,72.4,72.4,71.01,71.58,72.37,-0.79,-1.0916,44387.0,317662.621
001285.SZ,20260420,54.7,55.17,54.15,54.7,54.76,-0.06,-0.1096,15461.7,84324.243
001286.SZ,20260420,11.05,11.13,10.88,11.04,11.08,-0.04,-0.361,205558.85,225779.109
001287.SZ,20260420,26.98,28.18,26.8,27.73,26.97,0.76,2.8179,313465.61,864416.886
001288.SZ,20260420,28.21,28.87,27.85,28.37,28.18,0.19,0.6742,49712.95,141101.926
001289.SZ,20260420,15.35,15.53,15.3,15.53,15.36,0.17,1.1068,72293.58,111719.758
001296.SZ,20260420,25.39,26.76,25.25,25.88,25.34,0.54,2.131,45935.86,119622.569
001298.SZ,20260420,21.9,22.26,21.66,21.87,21.98,-0.11,-0.5005,155939.31,341230.008
001299.SZ,20260420,14.82,14.9,14.58,14.89,14.86,0.03,0.2019,143373.63,211357.708
001300.SZ,20260420,18.21,18.55,18.02,18.45,18.48,-0.03,-0.1623,55179.0,101315.778
001301.SZ,20260420,74.63,74.8,71.39,72.23,74.67,-2.44,-3.2677,83561.18,603728.268
001306.SZ,20260420,67.35,70.43,66.85,68.6,67.33,1.27,1.8862,13165.0,90625.799
001308.SZ,20260420,20.58,20.78,20.02,20.14,20.78,-0.64,-3.0799,34105.38,68870.124
001309.SZ,20260420,518.88,538.0,512.0,515.0,513.69,1.31,0.255,137146.25,7126107.952
001311.SZ,20260420,31.9,33.3,31.39,32.3,31.74,0.56,1.7643,57882.75,187455.739
001313.SZ,20260420,8.47,8.48,8.27,8.41,8.43,-0.02,-0.2372,152384.0,127250.647
001314.SZ,20260420,43.55,44.14,43.41,44.01,43.56,0.45,1.0331,13797.7,60552.531
001316.SZ,20260420,49.24,50.89,49.1,50.64,49.23,1.41,2.8641,35059.0,176150.925
001317.SZ,20260420,49.93,51.33,49.7,50.76,49.93,0.83,1.6623,29548.02,149924.629
001318.SZ,20260420,13.58,13.7,13.51,13.7,13.59,0.11,0.8094,19581.8,26643.925
001319.SZ,20260420,25.72,25.72,25.0,25.58,25.66,-0.08,-0.3118,18054.05,46083.214
001322.SZ,20260420,7.28,7.32,7.22,7.27,7.31,-0.04,-0.5472,35217.47,25554.317
001323.SZ,20260420,23.55,23.94,23.45,23.88,23.59,0.29,1.2293,8471.03,20181.978
001324.SZ,20260420,20.21,20.78,19.97,20.77,20.2,0.57,2.8218,42569.0,87596.553
001325.SZ,20260420,64.0,65.5,63.04,65.12,64.64,0.48,0.7426,33050.98,212811.257
001326.SZ,20260420,56.84,57.57,55.09,55.72,56.85,-1.13,-1.9877,13830.68,77220.22
001328.SZ,20260420,32.42,33.57,32.0,33.38,32.19,1.19,3.6968,18804.71,61838.219
001330.SZ,20260420,8.37,8.65,8.14,8.39,8.23,0.16,1.9441,2231347.24,1869718.998
001331.SZ,20260420,50.67,51.41,50.2,51.19,50.96,0.23,0.4513,29385.35,149820.903
001332.SZ,20260420,55.7,59.49,55.52,57.88,55.68,2.2,3.9511,26056.85,151433.994
001333.SZ,20260420,24.85,25.04,24.66,24.98,24.86,0.12,0.4827,33871.0,84101.989
001335.SZ,20260420,43.09,43.3,42.3,43.13,43.09,0.04,0.0928,10298.85,44123.306
001336.SZ,20260420,25.7,26.35,25.59,26.25,25.79,0.46,1.7836,11736.02,30571.752
001337.SZ,20260420,47.65,48.9,47.65,48.46,47.82,0.64,1.3384,83013.29,402475.904
001338.SZ,20260420,13.68,13.77,13.49,13.75,13.62,0.13,0.9545,87956.48,119985.492
001339.SZ,20260420,70.71,71.59,69.14,71.22,71.57,-0.35,-0.489,75560.0,533138.783
001356.SZ,20260420,11.1,11.21,11.01,11.18,11.11,0.07,0.6301,31961.94,35575.654
001358.SZ,20260420,27.09,27.69,27.08,27.59,27.09,0.5,1.8457,10321.0,28210.32
001359.SZ,20260420,81.66,82.0,80.5,81.28,81.49,-0.21,-0.2577,16119.4,130681.249
001360.SZ,20260420,21.96,22.28,21.71,22.15,21.88,0.27,1.234,26851.83,59311.523
001366.SZ,20260420,14.09,15.63,14.09,15.63,14.21,1.42,9.993,98531.0,149340.846
001367.SZ,20260420,25.25,26.15,24.61,25.41,26.49,-1.08,-4.077,83949.8,210314.329
001368.SZ,20260420,27.9,29.35,27.85,29.28,27.98,1.3,4.6462,35280.01,101798.349
001369.SZ,20260420,16.03,16.29,15.95,16.24,16.07,0.17,1.0579,185411.45,300152.559
001373.SZ,20260420,34.89,35.21,34.06,34.88,34.63,0.25,0.7219,11661.0,40383.593
001376.SZ,20260420,16.08,16.14,15.72,15.96,16.08,-0.12,-0.7463,84823.0,135172.913
001378.SZ,20260420,26.1,26.54,25.76,25.9,26.1,-0.2,-0.7663,25859.82,67255.068
001379.SZ,20260420,21.59,21.99,21.56,21.89,21.66,0.23,1.0619,15598.0,34062.996
001380.SZ,20260420,20.03,20.16,19.71,19.82,20.03,-0.21,-1.0484,22244.32,44106.26
001382.SZ,20260420,20.24,21.19,20.1,21.03,20.23,0.8,3.9545,93649.85,194471.699
001386.SZ,20260420,19.38,19.63,19.25,19.56,19.4,0.16,0.8247,32498.25,63357.733
001387.SZ,20260420,13.38,13.46,13.22,13.45,13.25,0.2,1.5094,21719.3,28967.701
001388.SZ,20260420,39.51,39.77,39.3,39.72,39.56,0.16,0.4044,10545.86,41707.315
001389.SZ,20260420,151.9,153.88,146.24,148.3,149.22,-0.92,-0.6165,130231.21,1953037.559
001390.SZ,20260420,21.74,21.84,21.57,21.82,21.74,0.08,0.368,11456.5,24870.557
001391.SZ,20260420,5.29,5.32,5.28,5.32,5.29,0.03,0.5671,110192.98,58424.027
001395.SZ,20260420,39.64,39.72,39.2,39.6,39.5,0.1,0.2532,3498.0,13843.975
001396.SZ,20260420,48.31,50.5,47.85,47.93,46.79,1.14,2.4364,50251.87,245740.189
001400.SZ,20260420,194.88,212.96,188.01,212.96,193.6,19.36,10.0,29176.91,589474.117
001696.SZ,20260420,19.5,19.97,19.39,19.81,19.5,0.31,1.5897,304056.07,599732.124
001872.SZ,20260420,21.43,21.5,21.2,21.49,21.43,0.06,0.28,17048.0,36449.566
001896.SZ,20260420,17.32,18.79,16.89,18.79,17.08,1.71,10.0117,2376930.87,4276979.509
001914.SZ,20260420,10.05,10.33,10.01,10.28,10.07,0.21,2.0854,111929.99,114496.017
001965.SZ,20260420,9.11,9.15,9.03,9.14,9.12,0.02,0.2193,64915.1,59113.852
001979.SZ,20260420,8.77,8.89,8.61,8.7,8.85,-0.15,-1.6949,455837.57,397331.562
002001.SZ,20260420,36.2,36.2,34.1,34.3,36.19,-1.89,-5.2224,644219.74,2221759.954
002003.SZ,20260420,10.02,10.21,10.02,10.08,10.09,-0.01,-0.0991,63871.53,64677.355
002004.SZ,20260420,5.15,5.2,5.11,5.17,5.14,0.03,0.5837,205321.0,105978.31
002005.SZ,20260420,2.89,2.89,2.83,2.84,2.9,-0.06,-2.069,103649.0,29561.368
002006.SZ,20260420,17.88,18.05,17.7,17.99,18.25,-0.26,-1.4247,123384.0,221077.141
002007.SZ,20260420,14.97,15.04,14.93,14.94,15.04,-0.1,-0.6649,61651.93,92333.87
002008.SZ,20260420,88.59,91.68,86.7,89.18,87.56,1.62,1.8502,462654.18,4127982.404
002009.SZ,20260420,24.6,24.95,24.17,24.8,24.59,0.21,0.854,214996.01,530129.8
002010.SZ,20260420,6.03,6.05,5.95,6.0,6.05,-0.05,-0.8264,255253.23,152883.85
002011.SZ,20260420,12.15,12.45,12.06,12.25,12.05,0.2,1.6598,132435.17,162465.376
002012.SZ,20260420,7.0,7.17,6.99,7.12,7.0,0.12,1.7143,127686.0,90693.339
002014.SZ,20260420,11.89,12.03,11.82,12.03,11.91,0.12,1.0076,17741.19,21188.342
002015.SZ,20260420,18.54,19.58,18.54,19.16,18.53,0.63,3.3999,2022332.86,3883318.318
002016.SZ,20260420,5.73,5.76,5.44,5.55,5.73,-0.18,-3.1414,281947.78,155480.123
002017.SZ,20260420,19.25,19.55,19.18,19.44,19.25,0.19,0.987,103840.78,201846.532
002019.SZ,20260420,12.25,12.26,12.02,12.04,12.25,-0.21,-1.7143,194740.69,235263.377
002020.SZ,20260420,15.26,15.26,15.09,15.18,15.25,-0.07,-0.459,77135.0,117021.555
002021.SZ,20260420,3.01,3.03,2.97,2.99,3.01,-0.02,-0.6645,306901.35,91818.788
002022.SZ,20260420,5.73,5.83,5.65,5.82,5.74,0.08,1.3937,84656.55,48704.833
002023.SZ,20260420,12.81,13.24,12.68,13.04,12.93,0.11,0.8507,801954.66,1037680.554
002024.SZ,20260420,1.32,1.33,1.3,1.31,1.32,-0.01,-0.7576,329150.61,43255.039
002025.SZ,20260420,78.97,83.63,78.81,80.46,79.76,0.7,0.8776,410726.71,3321830.389
002026.SZ,20260420,13.36,13.45,13.2,13.39,13.36,0.03,0.2246,53745.44,71794.361
002027.SZ,20260420,6.19,6.26,6.17,6.2,6.21,-0.01,-0.161,983849.44,611602.263
002028.SZ,20260420,210.0,218.0,200.0,217.82,213.8,4.02,1.8803,174468.43,3675727.225
002029.SZ,20260420,9.77,9.98,9.7,9.85,9.8,0.05,0.5102,157672.0,155730.279
002030.SZ,20260420,5.88,5.92,5.87,5.92,5.91,0.01,0.1692,72715.35,42874.387
002031.SZ,20260420,6.21,6.23,6.17,6.2,6.19,0.01,0.1616,292464.21,181236.561
002032.SZ,20260420,46.45,46.6,45.85,45.92,46.5,-0.58,-1.2473,15686.0,72247.948
002033.SZ,20260420,10.38,11.29,10.3,11.02,10.43,0.59,5.6568,1176801.12,1265761.467
002034.SZ,20260420,19.25,19.93,18.32,19.46,19.41,0.05,0.2576,227369.8,438271.48
002035.SZ,20260420,6.33,6.47,6.31,6.35,6.33,0.02,0.316,169001.91,108077.007
002036.SZ,20260420,9.1,9.2,9.07,9.11,9.12,-0.01,-0.1096,189910.61,173788.471
002037.SZ,20260420,8.39,8.45,8.35,8.44,8.39,0.05,0.5959,55894.0,46967.525
002038.SZ,20260420,7.57,7.68,7.49,7.61,7.6,0.01,0.1316,683504.04,518702.854
002039.SZ,20260420,20.85,21.05,20.74,20.96,20.87,0.09,0.4312,156634.9,327626.387
002040.SZ,20260420,9.9,10.05,9.86,10.04,9.91,0.13,1.3118,70711.4,70615.701
002041.SZ,20260420,10.41,10.48,10.34,10.38,10.33,0.05,0.484,93350.0,97078.817
002042.SZ,20260420,4.88,5.15,4.86,4.99,4.9,0.09,1.8367,996150.36,498632.997
002043.SZ,20260420,14.47,14.7,14.18,14.3,14.54,-0.24,-1.6506,133542.7,192029.978
002044.SZ,20260420,5.26,5.43,5.23,5.39,5.3,0.09,1.6981,1181412.48,631740.757
002045.SZ,20260420,11.75,11.94,11.73,11.86,11.86,0.0,0.0,96980.01,115123.216
002046.SZ,20260420,50.64,54.49,50.12,54.04,50.1,3.94,7.8643,224119.41,1190091.24
002047.SZ,20260420,5.64,5.81,5.6,5.81,5.53,0.28,5.0633,457607.53,263632.523
002048.SZ,20260420,27.9,28.48,27.66,27.96,28.0,-0.04,-0.1429,149618.2,420217.335
002049.SZ,20260420,72.89,73.31,72.65,73.12,72.89,0.23,0.3155,169224.31,1234382.79
002050.SZ,20260420,45.8,46.45,45.3,45.94,45.54,0.4,0.8783,820082.12,3770805.454
002051.SZ,20260420,11.56,12.19,11.23,11.97,11.52,0.45,3.9063,1473447.51,1731730.828
002052.SZ,20260420,10.48,10.6,10.41,10.46,10.48,-0.02,-0.1908,90792.0,95373.199
002053.SZ,20260420,11.29,11.32,11.22,11.3,11.3,0.0,0.0,69973.0,78871.736
002054.SZ,20260420,8.4,8.44,8.26,8.29,8.45,-0.16,-1.8935,179636.0,149289.378
002055.SZ,20260420,6.15,6.15,5.95,6.08,6.18,-0.1,-1.6181,197134.67,119442.368
002056.SZ,20260420,19.32,19.75,19.3,19.64,19.39,0.25,1.2893,250582.15,490531.92
002057.SZ,20260420,9.66,9.81,9.65,9.78,9.71,0.07,0.7209,86269.53,84162.779
002058.SZ,20260420,21.98,22.97,21.83,22.97,21.88,1.09,4.9817,39239.75,89229.898
002059.SZ,20260420,5.09,5.11,5.01,5.09,5.12,-0.03,-0.5859,192122.0,97382.986
002060.SZ,20260420,3.88,3.89,3.83,3.86,3.88,-0.02,-0.5155,439240.52,169269.303
002061.SZ,20260420,3.88,3.88,3.85,3.87,3.88,-0.01,-0.2577,152617.13,59033.56
002062.SZ,20260420,8.48,9.15,8.31,9.0,8.48,0.52,6.1321,768847.93,671982.26
002063.SZ,20260420,6.41,6.49,6.39,6.46,6.44,0.02,0.3106,367891.13,237164.207
002064.SZ,20260420,10.8,11.15,10.66,11.04,10.78,0.26,2.4119,309543.82,341220.012
002065.SZ,20260420,8.44,8.53,8.41,8.5,8.45,0.05,0.5917,276902.55,235235.357
002066.SZ,20260420,23.31,24.22,23.05,23.34,23.41,-0.07,-0.299,83987.2,197872.431
002067.SZ,20260420,4.81,4.85,4.75,4.85,4.81,0.04,0.8316,325680.58,156574.252
002068.SZ,20260420,8.68,8.91,8.64,8.8,8.76,0.04,0.4566,133815.0,117605.724
002069.SZ,20260420,3.76,3.81,3.73,3.81,3.72,0.09,2.4194,102118.54,38521.878
002072.SZ,20260420,7.53,7.63,7.43,7.6,7.59,0.01,0.1318,52425.0,39411.027
002073.SZ,20260420,7.27,7.38,7.23,7.35,7.31,0.04,0.5472,204069.84,149552.618
002074.SZ,20260420,40.24,40.34,39.39,39.94,40.23,-0.29,-0.7209,572868.76,2282864.026
002075.SZ,20260420,4.7,4.73,4.66,4.7,4.71,-0.01,-0.2123,202868.19,95426.641
002076.SZ,20260420,2.19,2.26,2.18,2.23,2.18,0.05,2.2936,294759.1,65674.973
002077.SZ,20260420,16.17,16.28,16.05,16.1,16.16,-0.06,-0.3713,152918.59,246843.895
002078.SZ,20260420,14.19,14.24,14.05,14.1,14.18,-0.08,-0.5642,158236.9,223767.526
002079.SZ,20260420,10.37,10.46,10.28,10.3,10.44,-0.14,-1.341,306183.57,316715.417
002080.SZ,20260420,49.38,51.3,49.0,49.29,49.3,-0.01,-0.0203,527668.51,2637519.063
002081.SZ,20260420,3.74,4.08,3.68,4.08,3.71,0.37,9.973,1934022.18,747593.643
002082.SZ,20260420,29.28,29.58,27.5,28.79,29.28,-0.49,-1.6735,324498.0,938946.802
002083.SZ,20260420,11.87,11.93,11.61,11.68,11.87,-0.19,-1.6007,586693.84,688735.559
002084.SZ,20260420,3.71,3.75,3.69,3.72,3.74,-0.02,-0.5348,163482.57,60830.016
002085.SZ,20260420,14.58,14.89,14.46,14.74,14.56,0.18,1.2363,336557.06,494103.539
002086.SZ,20260420,2.03,2.04,2.01,2.03,2.03,0.0,0.0,323675.0,65491.095
002088.SZ,20260420,10.36,10.8,10.26,10.66,10.15,0.51,5.0246,86950.07,91534.161
002090.SZ,20260420,10.74,10.86,10.7,10.79,10.79,0.0,0.0,87943.07,94873.493
002091.SZ,20260420,9.37,9.38,9.22,9.26,9.37,-0.11,-1.174,169061.96,157005.02
002092.SZ,20260420,6.28,6.3,6.13,6.2,6.27,-0.07,-1.1164,524058.71,323831.326
002093.SZ,20260420,9.7,9.83,9.65,9.75,9.7,0.05,0.5155,102977.11,100426.259
002094.SZ,20260420,6.3,6.32,6.21,6.3,6.32,-0.02,-0.3165,156552.35,98157.736
002095.SZ,20260420,16.6,16.82,16.57,16.67,16.65,0.02,0.1201,23060.58,38504.747
002096.SZ,20260420,11.71,11.84,11.67,11.78,11.71,0.07,0.5978,62167.02,73152.781
002097.SZ,20260420,10.0,10.09,9.99,10.05,10.03,0.02,0.1994,115781.0,116427.153
002098.SZ,20260420,8.88,9.06,8.81,9.02,8.87,0.15,1.6911,36524.0,32684.336
002099.SZ,20260420,7.17,7.65,7.17,7.29,7.16,0.13,1.8156,364465.77,267879.739
002100.SZ,20260420,8.06,8.13,7.83,7.91,8.02,-0.11,-1.3716,306542.12,242720.237
002101.SZ,20260420,10.35,10.37,10.27,10.3,10.35,-0.05,-0.4831,87727.25,90494.36
002102.SZ,20260420,2.84,2.85,2.76,2.81,2.87,-0.06,-2.0906,541001.06,152038.367
002103.SZ,20260420,8.16,8.28,8.13,8.25,8.16,0.09,1.1029,61190.38,50230.216
002104.SZ,20260420,15.16,15.25,15.12,15.19,15.2,-0.01,-0.0658,164001.08,249190.717
002105.SZ,20260420,6.32,6.39,6.27,6.39,6.32,0.07,1.1076,42691.0,27170.093
002106.SZ,20260420,10.7,11.38,10.69,11.16,10.64,0.52,4.8872,285869.84,316105.411
002107.SZ,20260420,7.83,7.83,7.61,7.7,7.85,-0.15,-1.9108,334779.29,257286.174
002108.SZ,20260420,5.71,6.01,5.55,5.83,5.58,0.25,4.4803,3919531.8,2242651.277
002109.SZ,20260420,3.92,3.93,3.86,3.91,3.91,0.0,0.0,266168.11,103724.267
002110.SZ,20260420,3.7,3.73,3.64,3.67,3.71,-0.04,-1.0782,257737.9,94847.548
002111.SZ,20260420,10.0,10.06,9.9,10.03,9.97,0.06,0.6018,50487.22,50472.89
002112.SZ,20260420,21.22,22.21,20.85,22.12,21.42,0.7,3.268,356793.95,772871.133
002114.SZ,20260420,9.07,9.32,9.01,9.18,8.91,0.27,3.0303,139244.01,127128.586
002115.SZ,20260420,12.5,12.94,12.5,12.92,12.57,0.35,2.7844,536339.78,688341.291
002116.SZ,20260420,10.4,10.45,10.32,10.43,10.42,0.01,0.096,45105.01,46879.005
002117.SZ,20260420,10.11,10.21,10.05,10.19,10.11,0.08,0.7913,61343.89,62156.577
002119.SZ,20260420,22.1,22.45,21.67,22.15,23.45,-1.3,-5.5437,600468.39,1324025.559
002120.SZ,20260420,6.86,7.29,6.86,7.28,6.82,0.46,6.7449,1089372.38,780793.682
002121.SZ,20260420,7.58,7.66,7.55,7.61,7.62,-0.01,-0.1312,277496.13,210956.877
002122.SZ,20260420,3.03,3.04,2.98,2.99,2.97,0.02,0.6734,163088.0,48976.761
002123.SZ,20260420,9.96,10.66,9.95,10.34,9.96,0.38,3.8153,404336.08,417794.039
002124.SZ,20260420,3.11,3.28,2.92,3.06,3.08,-0.02,-0.6494,3854235.11,1179988.35
002125.SZ,20260420,14.12,14.26,14.08,14.19,14.17,0.02,0.1411,133544.13,189326.287
002126.SZ,20260420,48.89,51.13,48.19,49.36,49.08,0.28,0.5705,232277.11,1158139.906
002127.SZ,20260420,2.77,2.83,2.76,2.82,2.78,0.04,1.4388,212866.35,59786.207
002128.SZ,20260420,33.35,33.78,33.0,33.02,33.68,-0.66,-1.9596,198620.11,661668.98
002129.SZ,20260420,8.7,8.87,8.64,8.82,8.67,0.15,1.7301,678294.38,594906.13
002130.SZ,20260420,25.62,26.4,25.62,26.2,25.62,0.58,2.2639,532243.23,1391269.256
002131.SZ,20260420,7.92,8.45,7.89,8.31,7.96,0.35,4.397,7969478.38,6574417.077
002132.SZ,20260420,4.58,4.75,4.53,4.65,4.54,0.11,2.4229,1403614.32,647985.217
002133.SZ,20260420,3.25,3.26,3.19,3.25,3.24,0.01,0.3086,160194.01,51811.295
002134.SZ,20260420,22.7,23.23,22.62,22.91,22.7,0.21,0.9251,92479.57,212699.124
002135.SZ,20260420,7.51,7.7,7.35,7.48,7.53,-0.05,-0.664,305864.08,229061.545
002136.SZ,20260420,13.0,13.73,12.9,13.57,13.03,0.54,4.1443,97506.0,131208.857
002137.SZ,20260420,8.43,8.49,8.36,8.47,8.4,0.07,0.8333,75743.0,64026.925
002138.SZ,20260420,35.41,35.94,34.97,35.23,35.45,-0.22,-0.6206,276644.95,980775.662
002139.SZ,20260420,12.47,12.53,12.34,12.36,12.43,-0.07,-0.5632,144026.25,179127.145
002140.SZ,20260420,12.38,12.52,12.25,12.49,12.41,0.08,0.6446,66259.22,82302.945
002141.SZ,20260420,3.88,3.88,3.81,3.84,3.87,-0.03,-0.7752,178707.8,68539.075
002142.SZ,20260420,31.13,32.49,31.0,32.42,31.14,1.28,4.1105,308189.49,989932.962
002144.SZ,20260420,15.42,15.55,14.93,15.55,15.48,0.07,0.4522,55481.56,84718.78
002145.SZ,20260420,4.68,4.79,4.67,4.74,4.68,0.06,1.2821,483635.57,229817.836
002146.SZ,20260420,1.36,1.37,1.35,1.35,1.37,-0.02,-1.4599,555317.0,75215.197
002148.SZ,20260420,7.78,7.83,7.74,7.79,7.79,0.0,0.0,71872.44,55983.923
002149.SZ,20260420,54.81,60.28,54.32,60.28,54.8,5.48,10.0,826012.13,4819209.94
002150.SZ,20260420,30.21,30.33,29.58,29.95,30.55,-0.6,-1.964,191288.31,573416.87
002151.SZ,20260420,38.48,40.2,38.32,40.12,38.48,1.64,4.262,339171.25,1348841.988
002152.SZ,20260420,12.09,12.41,12.05,12.24,12.11,0.13,1.0735,258853.47,316764.194
002153.SZ,20260420,9.75,10.03,9.71,9.88,9.76,0.12,1.2295,196560.56,194619.702
002154.SZ,20260420,3.67,3.68,3.63,3.66,3.68,-0.02,-0.5435,169431.51,61896.878
002155.SZ,20260420,30.12,30.71,30.12,30.39,30.15,0.24,0.796,534328.37,1624548.807
002156.SZ,20260420,48.23,49.24,47.53,48.49,48.18,0.31,0.6434,731210.62,3555898.408
002157.SZ,20260420,3.41,3.45,3.34,3.37,3.34,0.03,0.8982,2811469.5,949632.253
002158.SZ,20260420,24.66,25.18,24.4,24.85,24.66,0.19,0.7705,39921.0,99324.659
002159.SZ,20260420,17.08,17.53,16.93,17.5,17.14,0.36,2.1004,43691.0,75404.233
002160.SZ,20260420,5.16,5.19,5.12,5.16,5.2,-0.04,-0.7692,210005.52,108190.807
002161.SZ,20260420,7.21,7.33,7.18,7.21,7.23,-0.02,-0.2766,158524.01,114904.799
002162.SZ,20260420,4.58,4.6,4.55,4.59,4.59,0.0,0.0,135192.2,61822.292
002163.SZ,20260420,13.03,13.56,12.86,13.19,13.01,0.18,1.3836,565247.89,747358.145
002164.SZ,20260420,12.84,13.04,12.84,12.96,12.85,0.11,0.856,77452.46,100184.139
002165.SZ,20260420,9.7,9.82,9.63,9.78,9.73,0.05,0.5139,330482.9,322514.923
002166.SZ,20260420,8.86,8.93,8.83,8.92,8.9,0.02,0.2247,56596.4,50327.071
002167.SZ,20260420,13.1,13.34,13.05,13.33,13.14,0.19,1.446,295524.14,391268.696
002168.SZ,20260420,4.25,4.25,4.15,4.19,4.2,-0.01,-0.2381,53407.86,22352.287
002169.SZ,20260420,14.48,14.74,14.31,14.61,14.54,0.07,0.4814,250606.39,364882.643
002170.SZ,20260420,13.91,13.94,13.7,13.76,13.92,-0.16,-1.1494,265012.01,366055.746
002171.SZ,20260420,11.84,12.09,11.84,11.97,11.79,0.18,1.5267,432648.39,518412.116
002172.SZ,20260420,3.78,3.83,3.75,3.83,3.78,0.05,1.3228,134964.0,51305.795
002173.SZ,20260420,25.4,25.94,25.22,25.82,25.55,0.27,1.0568,195413.68,501850.208
002174.SZ,20260420,9.62,9.74,9.6,9.67,9.65,0.02,0.2073,131770.26,127610.283
002175.SZ,20260420,2.6,2.65,2.55,2.61,2.57,0.04,1.5564,464396.86,121166.458
002176.SZ,20260420,11.31,11.55,11.15,11.22,11.12,0.1,0.8993,951409.2,1077139.831
002177.SZ,20260420,7.84,7.95,7.79,7.91,7.88,0.03,0.3807,562018.14,442668.679
002178.SZ,20260420,6.02,6.08,6.0,6.04,6.06,-0.02,-0.33,89943.0,54371.937
002179.SZ,20260420,35.66,36.95,35.65,36.71,35.66,1.05,2.9445,426389.33,1561445.357
002180.SZ,20260420,17.86,18.59,17.81,18.32,17.77,0.55,3.0951,250570.76,456508.123
002181.SZ,20260420,13.66,14.45,13.49,14.12,13.71,0.41,2.9905,1031705.5,1449135.973
002182.SZ,20260420,16.54,16.89,16.46,16.6,16.63,-0.03,-0.1804,216311.45,360291.614
002183.SZ,20260420,6.14,6.38,6.08,6.22,6.12,0.1,1.634,2106396.75,1306362.985
002184.SZ,20260420,11.74,11.78,11.65,11.72,11.74,-0.02,-0.1704,50299.47,58839.57
002185.SZ,20260420,12.78,12.9,12.67,12.76,12.74,0.02,0.157,907766.37,1160277.223
002186.SZ,20260420,10.46,10.53,10.35,10.47,10.46,0.01,0.0956,35119.22,36702.223
002187.SZ,20260420,6.22,6.28,6.14,6.27,6.24,0.03,0.4808,84023.48,52235.455
002188.SZ,20260420,6.5,6.55,6.3,6.53,6.5,0.03,0.4615,111803.0,72459.287
002189.SZ,20260420,20.24,21.25,20.15,20.7,20.25,0.45,2.2222,63164.0,130367.686
002190.SZ,20260420,31.71,32.08,31.5,32.01,31.72,0.29,0.9142,41684.28,132987.922
002191.SZ,20260420,3.63,3.66,3.61,3.63,3.66,-0.03,-0.8197,104663.09,38021.538
002192.SZ,20260420,85.14,87.58,81.5,82.33,84.55,-2.22,-2.6257,303919.32,2533643.504
002193.SZ,20260420,6.52,6.56,6.28,6.54,6.55,-0.01,-0.1527,106836.49,68680.292
002194.SZ,20260420,10.79,10.92,10.75,10.88,10.79,0.09,0.8341,97279.0,105634.077
002195.SZ,20260420,9.14,9.35,9.1,9.33,9.15,0.18,1.9672,2208521.31,2049729.487
002196.SZ,20260420,14.44,14.5,14.16,14.36,14.36,0.0,0.0,248593.0,357022.065
002197.SZ,20260420,7.96,8.03,7.85,7.88,8.0,-0.12,-1.5,176941.2,140009.521
002198.SZ,20260420,7.83,7.89,7.71,7.86,7.84,0.02,0.2551,174025.21,135852.454
002199.SZ,20260420,9.4,9.58,9.23,9.33,9.52,-0.19,-1.9958,38381.7,35789.307
002200.SZ,20260420,7.87,7.87,7.65,7.74,7.75,-0.01,-0.129,27662.0,21534.882
002201.SZ,20260420,12.2,12.66,12.11,12.66,12.22,0.44,3.6007,605799.74,753273.285
002202.SZ,20260420,25.14,26.95,25.03,26.59,25.39,1.2,4.7263,2803096.76,7312219.054
002203.SZ,20260420,17.62,18.39,17.46,17.91,17.39,0.52,2.9902,1036547.68,1860897.129
002204.SZ,20260420,6.72,6.9,6.7,6.88,6.72,0.16,2.381,394833.12,269371.604
002205.SZ,20260420,12.89,12.99,12.7,12.98,12.76,0.22,1.7241,28584.25,36904.251
002206.SZ,20260420,6.21,6.31,6.18,6.25,6.25,0.0,0.0,172995.86,108010.206
002207.SZ,20260420,7.15,7.35,7.08,7.28,7.14,0.14,1.9608,205044.02,147796.114
002208.SZ,20260420,12.5,12.64,12.34,12.38,12.71,-0.33,-2.5964,310246.2,386686.053
002209.SZ,20260420,16.84,16.94,16.46,16.77,16.68,0.09,0.5396,98472.0,164179.671
002210.SZ,20260420,2.55,2.59,2.53,2.58,2.56,0.02,0.7813,531230.93,136378.821
002211.SZ,20260420,3.54,3.65,3.54,3.63,3.53,0.1,2.8329,65422.5,23575.271
002212.SZ,20260420,7.48,7.55,7.45,7.52,7.49,0.03,0.4005,175020.0,131497.858
002213.SZ,20260420,37.25,38.0,36.56,37.3,37.73,-0.43,-1.1397,356265.51,1321982.518
002214.SZ,20260420,18.98,19.2,18.76,19.07,19.14,-0.07,-0.3657,57450.0,109052.818
002215.SZ,20260420,9.99,10.0,9.8,9.92,10.07,-0.15,-1.4896,116728.52,115473.062
002216.SZ,20260420,12.84,13.13,12.84,13.09,12.94,0.15,1.1592,68361.09,89121.787
002217.SZ,20260420,2.91,2.95,2.91,2.95,2.68,0.27,10.0746,2480960.67,729464.639
002218.SZ,20260420,5.53,5.65,5.51,5.65,5.52,0.13,2.3551,756368.28,423342.992
002219.SZ,20260420,2.28,2.38,2.26,2.36,2.3,0.06,2.6087,1366490.99,317708.276
002221.SZ,20260420,7.99,8.08,7.91,7.98,7.97,0.01,0.1255,128460.7,102849.504
002222.SZ,20260420,90.33,94.07,89.57,91.72,90.68,1.04,1.1469,260859.37,2390582.133
002223.SZ,20260420,32.8,33.2,32.62,32.87,32.8,0.07,0.2134,60812.06,200103.292
002224.SZ,20260420,4.33,4.36,4.31,4.35,4.33,0.02,0.4619,112120.0,48606.824
002225.SZ,20260420,5.65,5.86,5.63,5.77,5.66,0.11,1.9435,206602.12,119755.25
002226.SZ,20260420,5.63,5.66,5.59,5.64,5.63,0.01,0.1776,137893.2,77638.077
002227.SZ,20260420,8.05,8.65,8.01,8.57,8.15,0.42,5.1534,114197.0,95879.753
002228.SZ,20260420,3.87,3.88,3.84,3.87,3.87,0.0,0.0,177042.4,68354.701
002229.SZ,20260420,19.69,19.93,19.25,19.38,19.68,-0.3,-1.5244,702505.74,1368492.327
002230.SZ,20260420,48.2,49.07,47.9,48.94,48.24,0.7,1.4511,434959.77,2120636.423
002232.SZ,20260420,18.3,18.5,18.26,18.49,18.32,0.17,0.9279,46877.51,86455.316
002233.SZ,20260420,9.09,9.24,9.03,9.17,9.09,0.08,0.8801,66437.79,60999.55
002234.SZ,20260420,8.59,8.65,8.45,8.63,8.57,0.06,0.7001,40111.0,34265.765
002235.SZ,20260420,9.38,9.69,9.36,9.67,9.46,0.21,2.2199,353429.25,334514.221
002236.SZ,20260420,18.85,19.29,18.71,18.81,19.16,-0.35,-1.8267,633637.16,1197886.087
002237.SZ,20260420,16.76,17.15,16.65,16.91,16.82,0.09,0.5351,440215.13,742730.063
002238.SZ,20260420,7.28,7.37,7.25,7.31,7.32,-0.01,-0.1366,45890.61,33552.715
002239.SZ,20260420,3.05,3.08,3.03,3.06,3.05,0.01,0.3279,532322.8,162975.346
002240.SZ,20260420,50.13,50.83,49.04,49.7,50.3,-0.6,-1.1928,491895.0,2448638.885
002241.SZ,20260420,24.29,25.11,24.28,24.88,24.19,0.69,2.8524,1064418.59,2631358.483
002242.SZ,20260420,10.23,11.25,10.06,11.25,10.23,1.02,9.9707,338138.32,364355.428
002243.SZ,20260420,8.79,8.96,8.72,8.92,8.8,0.12,1.3636,87899.8,78319.744
002244.SZ,20260420,10.44,10.48,10.12,10.28,10.53,-0.25,-2.3742,263697.14,270147.871
002245.SZ,20260420,19.8,19.8,19.55,19.66,19.74,-0.08,-0.4053,473137.65,932003.63
002246.SZ,20260420,26.33,27.8,26.21,27.05,26.16,0.89,3.4021,373780.29,1017786.974
002247.SZ,20260420,2.8,2.83,2.78,2.82,2.79,0.03,1.0753,167878.0,47082.808
002248.SZ,20260420,12.7,12.74,12.36,12.64,13.01,-0.37,-2.844,208223.0,261247.707
002249.SZ,20260420,9.43,9.5,9.37,9.47,9.44,0.03,0.3178,288041.94,272548.01
002250.SZ,20260420,16.45,16.74,16.35,16.69,16.45,0.24,1.459,124032.66,205451.736
002251.SZ,20260420,4.28,4.3,4.22,4.27,4.31,-0.04,-0.9281,557579.89,237246.878
002252.SZ,20260420,5.71,5.71,5.67,5.69,5.7,-0.01,-0.1754,176794.89,100546.614
002253.SZ,20260420,11.77,11.78,11.37,11.44,11.7,-0.26,-2.2222,58298.5,67018.284
002254.SZ,20260420,10.3,10.63,10.21,10.46,10.3,0.16,1.5534,226053.76,237029.541
002255.SZ,20260420,10.83,11.07,10.83,11.06,10.89,0.17,1.5611,206023.13,226148.096
002256.SZ,20260420,4.12,4.24,4.12,4.24,4.11,0.13,3.163,1175422.88,493806.481
002258.SZ,20260420,14.2,14.21,13.8,14.01,14.1,-0.09,-0.6383,182612.45,255747.327
002259.SZ,20260420,5.68,5.75,5.4,5.71,5.63,0.08,1.421,763974.15,427551.61
002261.SZ,20260420,38.27,38.76,37.5,37.67,37.66,0.01,0.0266,1378729.13,5247436.463
002262.SZ,20260420,22.0,22.0,20.86,21.0,22.34,-1.34,-5.9982,394720.02,833424.052
002263.SZ,20260420,4.93,5.22,4.9,5.13,4.98,0.15,3.012,4130996.7,2106205.789
002264.SZ,20260420,8.3,8.4,8.23,8.37,8.29,0.08,0.965,189449.0,157807.019
002265.SZ,20260420,22.23,22.86,22.15,22.76,22.26,0.5,2.2462,124433.14,282209.017
002266.SZ,20260420,4.45,4.54,4.42,4.5,4.46,0.04,0.8969,702212.03,315126.797
002267.SZ,20260420,7.59,7.74,7.56,7.72,7.59,0.13,1.7128,97508.0,74645.9
002268.SZ,20260420,16.9,16.92,16.5,16.88,17.38,-0.5,-2.8769,191622.51,320532.764
002269.SZ,20260420,1.63,1.65,1.63,1.64,1.64,0.0,0.0,310937.8,50975.255
002270.SZ,20260420,27.52,27.88,27.16,27.75,27.58,0.17,0.6164,121687.19,336346.46
002271.SZ,20260420,16.29,16.31,15.6,15.66,16.29,-0.63,-3.8674,752331.15,1189944.053
002272.SZ,20260420,20.99,21.26,20.32,20.64,20.26,0.38,1.8756,1055868.2,2198518.694
002273.SZ,20260420,30.01,31.94,29.33,31.18,29.04,2.14,7.3691,1285025.17,3984240.886
002274.SZ,20260420,6.18,6.23,6.06,6.1,6.23,-0.13,-2.0867,234665.0,143584.581
002275.SZ,20260420,14.08,14.18,14.05,14.1,14.13,-0.03,-0.2123,17270.17,24365.589
002276.SZ,20260420,14.58,14.79,14.51,14.73,14.48,0.25,1.7265,280804.24,411891.004
002277.SZ,20260420,5.77,5.85,5.67,5.82,5.77,0.05,0.8666,181743.0,104820.722
002278.SZ,20260420,11.36,11.8,11.31,11.78,11.36,0.42,3.6972,217819.19,253716.115
002279.SZ,20260420,8.18,8.28,8.11,8.23,8.18,0.05,0.6112,203867.02,167375.152
002281.SZ,20260420,122.0,125.66,119.38,120.05,116.83,3.22,2.7561,764714.58,9342139.851
002282.SZ,20260420,6.96,6.99,6.93,6.97,6.97,0.0,0.0,41437.0,28813.75
002283.SZ,20260420,10.91,11.24,10.6,10.89,10.91,-0.02,-0.1833,233749.12,255123.994
002284.SZ,20260420,14.14,14.35,14.06,14.23,14.14,0.09,0.6365,120914.69,172491.907
002285.SZ,20260420,3.19,3.21,3.06,3.09,3.19,-0.1,-3.1348,1029209.11,320978.907
002286.SZ,20260420,9.89,10.43,9.85,10.29,9.85,0.44,4.467,140798.0,144143.319
002287.SZ,20260420,23.3,23.3,23.11,23.18,23.3,-0.12,-0.515,14577.2,33778.025
002289.SZ,20260420,26.8,27.91,26.8,27.91,26.58,1.33,5.0038,34151.08,94929.766
002290.SZ,20260420,74.27,74.99,71.55,74.35,74.5,-0.15,-0.2013,100057.17,733366.447
002291.SZ,20260420,6.42,6.53,6.36,6.53,6.42,0.11,1.7134,266236.43,172536.88
002292.SZ,20260420,7.94,8.26,7.91,8.2,7.97,0.23,2.8858,431776.15,351045.589
002293.SZ,20260420,10.22,10.39,10.13,10.22,10.17,0.05,0.4916,64226.84,65775.51
002294.SZ,20260420,58.17,58.85,56.09,56.2,58.75,-2.55,-4.3404,202025.06,1151026.653
002295.SZ,20260420,11.01,11.01,10.84,10.93,10.93,0.0,0.0,26504.0,28931.225
002296.SZ,20260420,11.46,11.71,11.46,11.66,11.46,0.2,1.7452,93710.0,108922.643
002297.SZ,20260420,18.73,19.46,18.52,19.46,17.69,1.77,10.0057,864474.16,1657136.261
002298.SZ,20260420,10.39,10.44,10.33,10.43,10.4,0.03,0.2885,314682.45,327317.155
002299.SZ,20260420,18.72,18.86,18.59,18.68,18.66,0.02,0.1072,67569.67,126413.934
002300.SZ,20260420,9.57,10.42,9.45,10.42,9.47,0.95,10.0317,704860.49,717673.788
002301.SZ,20260420,6.69,6.79,6.6,6.71,6.78,-0.07,-1.0324,98305.0,65794.326
002302.SZ,20260420,5.6,5.68,5.54,5.63,5.59,0.04,0.7156,95691.02,53628.271
002303.SZ,20260420,3.34,3.41,3.32,3.41,3.34,0.07,2.0958,232388.64,78353.024
002304.SZ,20260420,49.73,50.11,49.48,49.95,49.74,0.21,0.4222,34544.8,172149.5
002305.SZ,20260420,2.33,2.34,2.25,2.28,2.33,-0.05,-2.1459,278383.01,63521.806
002306.SZ,20260420,2.41,2.46,2.35,2.36,2.41,-0.05,-2.0747,206857.0,49333.673
002307.SZ,20260420,4.62,4.73,4.59,4.73,4.66,0.07,1.5021,309676.9,145111.024
002309.SZ,20260420,4.03,4.38,4.03,4.38,3.98,0.4,10.0503,4832630.08,2059816.397
002310.SZ,20260420,2.92,2.97,2.9,2.94,2.92,0.02,0.6849,1559195.17,458616.567
002311.SZ,20260420,48.16,48.3,47.65,47.85,48.09,-0.24,-0.4991,54907.52,262756.738
002312.SZ,20260420,11.44,11.55,11.37,11.47,11.48,-0.01,-0.0871,272604.1,312201.059
002313.SZ,20260420,8.46,8.67,8.43,8.61,8.45,0.16,1.8935,53657.0,45922.279
002314.SZ,20260420,2.64,2.66,2.59,2.61,2.71,-0.1,-3.69,761307.81,198896.472
002315.SZ,20260420,42.38,44.02,42.05,44.01,42.33,1.68,3.9688,115001.25,498965.681
002316.SZ,20260420,5.19,5.27,5.15,5.25,5.24,0.01,0.1908,115837.0,60555.555
002317.SZ,20260420,18.31,18.34,18.04,18.19,18.43,-0.24,-1.3022,193462.06,351732.178
002318.SZ,20260420,29.33,29.8,29.08,29.42,29.34,0.08,0.2727,114894.74,338620.556
002319.SZ,20260420,11.2,11.44,11.17,11.35,11.22,0.13,1.1586,49560.0,56087.682
002320.SZ,20260420,8.52,8.68,8.48,8.53,8.5,0.03,0.3529,150218.61,128380.002
002321.SZ,20260420,2.22,2.25,2.17,2.2,2.19,0.01,0.4566,428451.0,94125.38
002322.SZ,20260420,14.14,14.57,14.1,14.42,14.12,0.3,2.1246,85994.0,124221.688
002323.SZ,20260420,2.05,2.12,2.05,2.1,2.06,0.04,1.9417,961232.04,201150.237
002324.SZ,20260420,15.79,17.31,15.76,17.31,15.74,1.57,9.9746,670358.75,1132412.578
002326.SZ,20260420,24.68,25.1,24.44,24.53,24.67,-0.14,-0.5675,288166.6,710404.832
002327.SZ,20260420,6.99,7.08,6.92,7.08,6.97,0.11,1.5782,62033.54,43662.752
002328.SZ,20260420,13.01,13.07,12.32,12.51,13.0,-0.49,-3.7692,1595887.37,2024378.965
002329.SZ,20260420,4.15,4.32,4.08,4.17,4.17,0.0,0.0,407970.92,171160.721
002330.SZ,20260420,4.76,4.78,4.68,4.76,4.77,-0.01,-0.2096,105161.66,49704.176
002331.SZ,20260420,8.18,8.98,8.16,8.98,8.16,0.82,10.049,342873.7,301019.917
002332.SZ,20260420,9.0,9.02,8.91,8.95,9.12,-0.17,-1.864,189517.42,169615.373
002333.SZ,20260420,5.89,6.39,5.78,6.06,5.93,0.13,2.1922,569541.23,343445.009
002334.SZ,20260420,8.28,8.58,8.28,8.43,8.39,0.04,0.4768,580435.81,490502.357
002335.SZ,20260420,61.11,64.75,60.7,64.02,61.4,2.62,4.2671,337428.58,2120177.426
002337.SZ,20260420,6.15,6.18,6.12,6.17,6.16,0.01,0.1623,54210.0,33331.961
002338.SZ,20260420,55.61,58.55,55.52,58.24,56.13,2.11,3.7591,125032.5,715942.368
002339.SZ,20260420,10.51,10.79,10.43,10.78,10.5,0.28,2.6667,250622.17,267366.607
002340.SZ,20260420,8.42,8.49,8.35,8.46,8.49,-0.03,-0.3534,1284778.26,1082538.299
002342.SZ,20260420,19.2,20.0,18.8,19.47,19.06,0.41,2.1511,2775631.53,5376625.652
002343.SZ,20260420,6.35,6.43,6.32,6.42,6.39,0.03,0.4695,95900.09,61272.36
002344.SZ,20260420,4.41,4.43,4.35,4.41,4.4,0.01,0.2273,89545.01,39322.317
002345.SZ,20260420,10.82,11.08,10.76,11.02,10.79,0.23,2.1316,159885.31,175401.839
002346.SZ,20260420,19.0,20.05,18.93,19.35,19.0,0.35,1.8421,58639.0,114587.72
002347.SZ,20260420,8.32,8.45,8.26,8.39,8.3,0.09,1.0843,267248.0,223127.589
002348.SZ,20260420,9.31,9.95,9.28,9.73,9.41,0.32,3.4006,232559.0,224736.241
002349.SZ,20260420,7.47,7.47,7.36,7.41,7.47,-0.06,-0.8032,162989.72,120710.324
002350.SZ,20260420,13.7,13.9,13.52,13.77,13.72,0.05,0.3644,220687.13,302640.116
002351.SZ,20260420,11.35,11.46,11.29,11.4,11.34,0.06,0.5291,40559.5,46290.776
002352.SZ,20260420,36.55,36.8,36.5,36.66,36.7,-0.04,-0.109,163442.56,598737.136
002353.SZ,20260420,121.0,121.0,116.1,118.02,121.18,-3.16,-2.6077,173791.73,2061751.809
002354.SZ,20260420,5.75,5.87,5.72,5.84,5.74,0.1,1.7422,546136.61,317689.109
002355.SZ,20260420,6.2,6.21,6.1,6.17,6.2,-0.03,-0.4839,189032.65,116352.586
002356.SZ,20260420,3.49,3.51,3.43,3.48,3.45,0.03,0.8696,307324.0,106728.671
002357.SZ,20260420,10.95,11.19,10.9,11.06,11.05,0.01,0.0905,91529.93,101101.416
002358.SZ,20260420,7.47,7.7,7.3,7.7,7.47,0.23,3.079,443394.93,336734.943
002360.SZ,20260420,6.56,6.56,6.23,6.4,6.35,0.05,0.7874,142880.0,90553.714
002361.SZ,20260420,18.85,20.63,18.75,20.63,18.75,1.88,10.0267,3251362.19,6450268.984
002362.SZ,20260420,18.86,19.12,18.76,18.98,18.86,0.12,0.6363,29938.21,56916.068
002363.SZ,20260420,8.55,8.65,8.43,8.65,8.52,0.13,1.5258,125018.03,106999.526
002364.SZ,20260420,41.48,44.17,40.41,43.7,40.91,2.79,6.8198,1194185.61,5079376.038
002365.SZ,20260420,13.64,13.77,13.56,13.68,13.64,0.04,0.2933,62229.89,85012.248
002366.SZ,20260420,7.2,7.36,7.18,7.36,7.22,0.14,1.9391,486900.9,355057.622
002367.SZ,20260420,6.39,6.42,6.37,6.41,6.39,0.02,0.313,77142.29,49356.41
002368.SZ,20260420,20.86,21.07,20.53,20.71,20.98,-0.27,-1.2869,89334.29,185299.501
002369.SZ,20260420,7.27,7.38,7.2,7.32,7.27,0.05,0.6878,99212.02,72512.414
002370.SZ,20260420,7.5,7.62,7.32,7.38,7.54,-0.16,-2.122,478996.02,354103.166
002371.SZ,20260420,447.0,476.13,445.0,471.23,469.91,1.32,0.2809,186837.43,8616839.068
002372.SZ,20260420,10.7,10.8,10.55,10.57,10.64,-0.07,-0.6579,117267.86,124831.643
002373.SZ,20260420,9.81,9.98,9.81,9.95,9.83,0.12,1.2208,283016.59,280942.885
002374.SZ,20260420,3.17,3.22,3.1,3.19,3.18,0.01,0.3145,285597.73,90031.712
002375.SZ,20260420,3.99,4.06,3.94,4.01,3.98,0.03,0.7538,215813.25,86358.972
002376.SZ,20260420,7.12,7.18,7.12,7.16,7.14,0.02,0.2801,89308.1,63916.474
002377.SZ,20260420,3.38,3.54,3.36,3.42,3.38,0.04,1.1834,518786.0,178602.211
002378.SZ,20260420,32.57,34.19,32.57,33.5,32.55,0.95,2.9186,970654.12,3258090.537
002379.SZ,20260420,29.06,29.46,27.9,28.31,29.12,-0.81,-2.7816,185562.0,528247.922
002380.SZ,20260420,33.72,34.2,33.59,33.99,33.72,0.27,0.8007,58359.79,197934.395
002381.SZ,20260420,6.42,6.48,6.34,6.47,6.39,0.08,1.252,54893.5,35268.347
002382.SZ,20260420,7.38,7.47,7.26,7.32,7.43,-0.11,-1.4805,216175.78,158382.973
002383.SZ,20260420,9.63,9.92,9.6,9.89,9.63,0.26,2.6999,189446.74,186173.992
002384.SZ,20260420,162.08,168.2,155.7,157.0,162.1,-5.1,-3.1462,1084233.6,17396775.143
002385.SZ,20260420,4.01,4.02,3.97,3.97,3.99,-0.02,-0.5013,674411.0,268695.349
002386.SZ,20260420,6.47,6.72,6.44,6.54,6.44,0.1,1.5528,507780.13,332367.129
002387.SZ,20260420,8.21,8.35,8.19,8.32,8.21,0.11,1.3398,123397.72,102339.071
002388.SZ,20260420,5.16,5.39,5.12,5.19,5.11,0.08,1.5656,216132.0,113024.219
002389.SZ,20260420,22.4,22.66,22.36,22.64,22.36,0.28,1.2522,280933.07,633097.505
002390.SZ,20260420,3.18,3.23,3.14,3.22,3.2,0.02,0.625,261894.25,83501.158
002391.SZ,20260420,6.1,6.26,6.03,6.21,6.09,0.12,1.9704,83495.56,51386.389
002392.SZ,20260420,7.16,7.87,7.13,7.77,7.15,0.62,8.6713,622647.19,481845.681
002393.SZ,20260420,23.44,23.83,23.21,23.46,23.1,0.36,1.5584,41001.18,96063.259
002394.SZ,20260420,13.5,14.48,13.43,14.16,13.46,0.7,5.2006,130528.0,183608.667
002395.SZ,20260420,17.91,18.35,17.84,18.17,18.01,0.16,0.8884,54467.63,98837.941
002396.SZ,20260420,29.4,29.68,28.95,29.12,29.4,-0.28,-0.9524,227925.76,667449.286
002397.SZ,20260420,4.03,4.16,4.01,4.1,4.04,0.06,1.4851,171641.0,70165.353
002398.SZ,20260420,5.05,5.12,5.04,5.11,5.09,0.02,0.3929,93000.5,47359.212
002399.SZ,20260420,11.18,11.18,11.0,11.11,11.12,-0.01,-0.0899,34926.2,38764.934
002400.SZ,20260420,8.89,9.27,8.87,9.16,8.93,0.23,2.5756,1344579.63,1228046.989
002401.SZ,20260420,14.9,14.97,14.85,14.89,14.89,0.0,0.0,22567.3,33618.986
002402.SZ,20260420,31.71,32.32,31.6,32.1,31.71,0.39,1.2299,248263.77,797577.564
002403.SZ,20260420,10.52,10.99,10.52,10.7,10.51,0.19,1.8078,57292.6,61764.269
002404.SZ,20260420,6.9,7.0,6.86,7.0,6.9,0.1,1.4493,67051.44,46638.899
002405.SZ,20260420,9.2,9.29,9.15,9.27,9.12,0.15,1.6447,549407.71,507614.696
002406.SZ,20260420,7.69,7.72,7.66,7.68,7.71,-0.03,-0.3891,124095.0,95390.549
002407.SZ,20260420,30.0,30.48,29.8,30.12,30.01,0.11,0.3665,660288.09,1987880.033
002408.SZ,20260420,6.66,6.8,6.52,6.55,6.67,-0.12,-1.7991,474158.15,314065.573
002409.SZ,20260420,85.89,87.88,84.79,86.46,85.9,0.56,0.6519,102246.29,885716.845
002410.SZ,20260420,11.62,11.7,11.5,11.63,11.61,0.02,0.1723,269274.58,312455.51
002412.SZ,20260420,6.61,6.61,6.5,6.58,6.62,-0.04,-0.6042,86099.6,56494.582
002413.SZ,20260420,13.52,14.09,13.52,14.08,13.51,0.57,4.2191,1882813.65,2618817.659
002414.SZ,20260420,13.8,13.85,13.57,13.69,13.78,-0.09,-0.6531,802546.36,1095423.386
002415.SZ,20260420,34.81,35.29,34.4,34.51,33.13,1.38,4.1654,1334411.12,4638404.769
002416.SZ,20260420,14.5,14.5,13.6,13.62,13.8,-0.18,-1.3043,941166.87,1308985.294
002418.SZ,20260420,6.81,6.81,6.8,6.81,6.19,0.62,10.0162,628090.23,427728.946
002419.SZ,20260420,5.79,5.82,5.68,5.79,5.83,-0.04,-0.6861,240002.06,137618.237
002420.SZ,20260420,7.77,7.94,7.74,7.94,7.77,0.17,2.1879,98747.63,77885.103
002421.SZ,20260420,2.84,2.98,2.84,2.9,2.87,0.03,1.0453,1229346.53,356928.878
002422.SZ,20260420,35.11,35.18,33.8,33.96,35.23,-1.27,-3.6049,257184.0,877659.695
002423.SZ,20260420,10.25,10.34,10.21,10.26,10.25,0.01,0.0976,85039.48,87321.805
002424.SZ,20260420,5.17,5.23,5.09,5.13,5.17,-0.04,-0.7737,125002.23,64347.577
002425.SZ,20260420,3.23,3.28,3.22,3.26,3.24,0.02,0.6173,117045.0,38152.543
002426.SZ,20260420,3.75,3.81,3.74,3.78,3.76,0.02,0.5319,1352931.77,510287.06
002427.SZ,20260420,6.47,6.54,6.41,6.52,6.46,0.06,0.9288,168003.25,109106.499
002428.SZ,20260420,63.86,68.2,63.68,68.2,62.0,6.2,10.0,1157817.84,7775077.705
002429.SZ,20260420,10.7,11.05,10.62,10.96,10.67,0.29,2.7179,1256355.26,1373259.317
002430.SZ,20260420,27.93,28.76,27.54,28.35,27.9,0.45,1.6129,168710.76,474463.817
002431.SZ,20260420,2.57,2.58,2.52,2.58,2.57,0.01,0.3891,324538.0,82575.052
002432.SZ,20260420,75.35,82.89,74.99,80.28,75.35,4.93,6.5428,421597.48,3366467.379
002434.SZ,20260420,8.26,8.27,8.13,8.14,8.26,-0.12,-1.4528,156834.93,128647.198
002436.SZ,20260420,26.6,27.28,26.36,26.55,26.15,0.4,1.5296,1278595.19,3416041.718
002437.SZ,20260420,3.71,3.95,3.71,3.85,3.72,0.13,3.4946,1750463.15,673060.384
002438.SZ,20260420,16.65,16.83,16.44,16.78,16.63,0.15,0.902,72815.65,121775.91
002439.SZ,20260420,15.4,15.8,15.18,15.63,15.3,0.33,2.1569,671658.54,1045095.697
002440.SZ,20260420,11.8,11.87,11.55,11.77,11.9,-0.13,-1.0924,191665.53,225407.452
002441.SZ,20260420,9.95,10.05,9.64,9.71,10.07,-0.36,-3.575,169841.0,165278.249
002442.SZ,20260420,5.66,5.73,5.66,5.72,5.68,0.04,0.7042,75130.0,42813.15
002443.SZ,20260420,9.64,9.86,9.28,9.64,9.43,0.21,2.2269,347984.97,334071.853
002444.SZ,20260420,32.18,32.84,31.95,32.1,32.2,-0.1,-0.3106,119930.93,388456.655
002445.SZ,20260420,3.38,3.41,3.33,3.41,3.38,0.03,0.8876,935461.5,315696.3
002446.SZ,20260420,10.51,10.78,10.45,10.75,10.51,0.24,2.2835,447502.92,477772.2
002448.SZ,20260420,15.2,15.26,14.87,15.16,15.18,-0.02,-0.1318,166663.5,251369.688
002449.SZ,20260420,8.22,8.33,8.18,8.25,8.22,0.03,0.365,118701.17,98187.842
002451.SZ,20260420,9.69,9.86,9.59,9.85,9.69,0.16,1.6512,134336.75,131028.751
002452.SZ,20260420,10.92,11.3,10.79,11.15,10.84,0.31,2.8598,283934.85,315027.364
002453.SZ,20260420,4.87,4.89,4.81,4.87,4.87,0.0,0.0,85237.46,41371.1
002454.SZ,20260420,10.39,10.74,10.37,10.6,10.35,0.25,2.4155,214074.12,226111.468
002455.SZ,20260420,11.41,11.49,11.27,11.46,11.41,0.05,0.4382,445952.12,508648.079
002456.SZ,20260420,9.4,9.65,9.39,9.5,9.44,0.06,0.6356,741868.33,707394.034
002457.SZ,20260420,11.3,11.82,11.3,11.52,11.17,0.35,3.1334,322067.0,372093.95
002458.SZ,20260420,10.25,10.55,9.94,10.44,10.3,0.14,1.3592,265776.18,274100.582
002459.SZ,20260420,10.98,11.26,10.93,11.15,10.98,0.17,1.5483,501462.21,557353.748
002460.SZ,20260420,83.59,84.21,81.38,82.71,84.06,-1.35,-1.606,646663.15,5342282.374
002461.SZ,20260420,9.71,9.92,9.68,9.82,9.72,0.1,1.0288,86124.64,84515.493
002462.SZ,20260420,14.21,14.28,14.07,14.25,14.25,0.0,0.0,29511.49,41915.854
002463.SZ,20260420,97.0,101.32,96.35,98.0,97.66,0.34,0.3481,782440.68,7705709.862
002465.SZ,20260420,15.69,17.08,15.68,16.8,15.69,1.11,7.0746,1738514.43,2907795.794
002466.SZ,20260420,66.0,67.7,65.39,66.82,66.65,0.17,0.2551,578896.54,3858736.637
002467.SZ,20260420,7.55,7.65,7.47,7.56,7.63,-0.07,-0.9174,1344525.94,1015543.737
002468.SZ,20260420,17.17,17.55,16.9,16.99,17.18,-0.19,-1.1059,429076.27,733692.26
002469.SZ,20260420,8.6,8.65,8.49,8.56,8.6,-0.04,-0.4651,104238.45,89234.207
002470.SZ,20260420,2.77,2.96,2.71,2.92,2.75,0.17,6.1818,3181913.0,905438.192
002471.SZ,20260420,9.14,9.7,9.08,9.54,9.14,0.4,4.3764,2805692.14,2645688.368
002472.SZ,20260420,39.35,39.58,38.92,39.08,39.19,-0.11,-0.2807,136150.47,534726.024
002474.SZ,20260420,7.48,7.58,7.45,7.49,7.5,-0.01,-0.1333,154005.9,115474.608
002475.SZ,20260420,62.64,65.73,60.91,65.73,59.75,5.98,10.0084,3929268.63,25188235.807
002476.SZ,20260420,5.94,5.99,5.88,5.92,5.91,0.01,0.1692,73040.0,43239.489
002478.SZ,20260420,11.1,11.33,10.88,10.89,11.09,-0.2,-1.8034,362090.03,400484.36
002479.SZ,20260420,5.58,5.72,5.55,5.67,5.58,0.09,1.6129,186332.0,105371.512
002480.SZ,20260420,6.11,6.23,6.06,6.14,6.15,-0.01,-0.1626,112743.0,69142.885
002481.SZ,20260420,4.44,4.47,4.41,4.46,4.45,0.01,0.2247,74484.5,33134.444
002482.SZ,20260420,1.66,1.67,1.64,1.66,1.66,0.0,0.0,242669.93,40178.655
002483.SZ,20260420,6.93,6.95,6.84,6.91,6.92,-0.01,-0.1445,66539.0,45991.631
002484.SZ,20260420,33.32,35.56,32.91,34.76,33.03,1.73,5.2377,534133.01,1834417.875
002485.SZ,20260420,4.81,4.89,4.76,4.86,4.88,-0.02,-0.4098,28484.0,13780.75
002486.SZ,20260420,2.84,2.89,2.78,2.88,2.84,0.04,1.4085,224449.0,63990.91
002487.SZ,20260420,87.0,92.5,86.71,89.63,85.47,4.16,4.8672,352941.44,3155062.812
002488.SZ,20260420,12.5,12.55,12.23,12.31,12.55,-0.24,-1.9124,221637.39,273978.859
002489.SZ,20260420,3.44,3.45,3.41,3.42,3.44,-0.02,-0.5814,190709.5,65328.132
002490.SZ,20260420,8.78,8.93,8.69,8.88,8.69,0.19,2.1864,456591.0,402307.189
002491.SZ,20260420,16.3,16.64,16.25,16.64,15.13,1.51,9.9802,717732.36,1187129.427
002492.SZ,20260420,7.44,8.16,7.41,8.16,7.42,0.74,9.973,194222.74,153963.184
002493.SZ,20260420,11.77,12.04,11.58,11.92,11.66,0.26,2.2298,434163.39,516953.869
002494.SZ,20260420,5.4,5.55,5.31,5.52,5.39,0.13,2.4119,146189.0,80292.726
002495.SZ,20260420,2.53,2.57,2.51,2.56,2.52,0.04,1.5873,224101.25,56995.403
002496.SZ,20260420,2.12,2.12,2.12,2.12,2.02,0.1,4.9505,27251.8,5777.382
002497.SZ,20260420,27.91,28.79,27.76,27.92,28.09,-0.17,-0.6052,468452.31,1316778.245
002498.SZ,20260420,8.84,9.5,8.72,9.4,8.83,0.57,6.4553,3055522.22,2802247.655
002500.SZ,20260420,5.7,5.72,5.67,5.68,5.71,-0.03,-0.5254,130456.26,74223.957
002501.SZ,20260420,1.78,2.0,1.73,1.96,1.84,0.12,6.5217,2649433.29,503369.546
002506.SZ,20260420,4.49,4.67,4.43,4.65,4.45,0.2,4.4944,7399884.03,3390322.284
002507.SZ,20260420,12.3,12.34,12.29,12.3,12.3,0.0,0.0,59464.75,73197.176
002508.SZ,20260420,19.99,20.09,19.42,19.45,19.99,-0.54,-2.7014,80419.68,158466.905
002510.SZ,20260420,7.06,7.12,7.05,7.11,7.09,0.02,0.2821,175085.0,124217.085
002511.SZ,20260420,8.67,8.79,8.57,8.76,8.68,0.08,0.9217,162468.67,141590.707
002512.SZ,20260420,4.01,4.21,4.0,4.21,4.01,0.2,4.9875,790331.43,327362.722
002513.SZ,20260420,6.08,6.56,5.96,6.23,5.97,0.26,4.3551,238847.0,148821.701
002514.SZ,20260420,4.32,4.38,4.28,4.34,4.34,0.0,0.0,113346.0,49137.497
002515.SZ,20260420,6.4,6.45,6.1,6.39,6.4,-0.01,-0.1563,945043.08,592203.211
002516.SZ,20260420,5.77,5.84,5.75,5.79,5.77,0.02,0.3466,111988.0,65002.974
002517.SZ,20260420,17.87,17.96,17.68,17.77,17.97,-0.2,-1.113,559302.56,995021.074
002518.SZ,20260420,48.07,49.54,47.0,48.83,48.09,0.74,1.5388,140823.45,684407.718
002519.SZ,20260420,8.37,8.78,8.37,8.67,8.46,0.21,2.4823,1221571.32,1050130.191
002520.SZ,20260420,5.68,5.73,5.63,5.71,5.67,0.04,0.7055,189366.6,107649.187
002521.SZ,20260420,8.6,8.69,8.58,8.65,8.65,0.0,0.0,62736.6,54099.3
002522.SZ,20260420,6.17,6.36,6.15,6.28,6.19,0.09,1.454,356829.91,224086.172
002523.SZ,20260420,4.07,4.13,4.04,4.12,4.07,0.05,1.2285,209337.09,85826.476
002524.SZ,20260420,4.04,4.09,4.02,4.09,4.04,0.05,1.2376,116584.0,47310.796
002526.SZ,20260420,3.44,3.46,3.43,3.45,3.45,0.0,0.0,176720.42,60847.782
002527.SZ,20260420,13.46,13.91,13.31,13.66,13.34,0.32,2.3988,135006.91,183476.913
002528.SZ,20260420,5.62,5.65,5.31,5.51,5.38,0.13,2.4164,760070.86,421356.482
002529.SZ,20260420,7.31,7.31,7.16,7.19,7.19,0.0,0.0,36992.0,26660.701
002530.SZ,20260420,9.2,9.26,9.13,9.2,9.21,-0.01,-0.1086,181106.55,166318.908
002531.SZ,20260420,12.57,12.61,12.07,12.25,12.61,-0.36,-2.8549,744264.08,913961.764
002532.SZ,20260420,19.4,19.59,18.76,18.89,19.64,-0.75,-3.8187,612349.73,1165962.603
002533.SZ,20260420,13.7,13.91,13.56,13.9,13.66,0.24,1.757,178789.06,246354.05
002534.SZ,20260420,18.45,18.68,18.26,18.41,18.63,-0.22,-1.1809,124404.92,229039.493
002535.SZ,20260420,3.42,3.48,3.42,3.46,3.45,0.01,0.2899,78138.84,26994.733
002536.SZ,20260420,37.26,40.96,36.51,40.96,37.24,3.72,9.9893,365783.39,1441527.085
002537.SZ,20260420,7.8,7.83,7.77,7.82,7.81,0.01,0.128,228693.93,178489.24
002538.SZ,20260420,7.03,7.09,6.95,7.01,7.03,-0.02,-0.2845,110017.62,77098.325
002539.SZ,20260420,14.31,14.47,14.01,14.13,14.32,-0.19,-1.3268,218487.91,309642.904
002540.SZ,20260420,6.87,6.95,6.84,6.92,6.88,0.04,0.5814,91155.12,63036.615
002541.SZ,20260420,19.9,20.63,19.29,20.27,21.04,-0.77,-3.6597,174797.52,351028.388
002543.SZ,20260420,8.47,8.51,8.43,8.49,8.5,-0.01,-0.1176,39309.0,33355.947
002544.SZ,20260420,27.12,27.79,26.98,27.63,27.08,0.55,2.031,148211.13,407978.747
002545.SZ,20260420,21.56,21.92,21.48,21.79,21.65,0.14,0.6467,190536.67,412947.835
002546.SZ,20260420,8.95,9.01,8.81,8.96,8.97,-0.01,-0.1115,323148.0,288025.881
002547.SZ,20260420,3.49,3.49,3.35,3.47,3.44,0.03,0.8721,1108941.0,380844.771
002548.SZ,20260420,5.2,5.3,5.1,5.13,5.18,-0.05,-0.9653,227371.7,116818.523
002549.SZ,20260420,19.43,20.08,19.15,19.96,19.42,0.54,2.7806,509294.62,1005351.326
002550.SZ,20260420,7.78,7.78,7.69,7.7,7.78,-0.08,-1.0283,140971.52,108794.369
002551.SZ,20260420,3.41,3.43,3.34,3.43,3.4,0.03,0.8824,108335.01,36758.938
002552.SZ,20260420,20.72,21.2,20.51,20.76,21.11,-0.35,-1.658,154432.0,321951.131
002553.SZ,20260420,25.29,25.45,25.06,25.27,25.24,0.03,0.1189,75905.58,191524.973
002554.SZ,20260420,3.49,3.5,3.46,3.49,3.51,-0.02,-0.5698,311978.44,108532.012
002555.SZ,20260420,22.2,22.21,21.7,21.85,22.21,-0.36,-1.6209,534574.2,1167251.47
002556.SZ,20260420,6.4,6.54,6.35,6.38,6.41,-0.03,-0.468,203252.39,130640.605
002557.SZ,20260420,23.3,23.78,23.07,23.68,23.3,0.38,1.6309,95148.09,224635.144
002558.SZ,20260420,32.31,32.75,32.04,32.25,32.34,-0.09,-0.2783,399973.31,1293390.36
002559.SZ,20260420,10.9,10.96,10.69,10.78,10.95,-0.17,-1.5525,221794.5,239183.235
002560.SZ,20260420,14.65,15.27,14.43,15.27,13.88,1.39,10.0144,1003764.87,1504849.248
002561.SZ,20260420,8.2,8.22,8.0,8.13,8.18,-0.05,-0.6112,40073.81,32503.733
002562.SZ,20260420,5.91,5.91,5.84,5.89,5.91,-0.02,-0.3384,171686.0,100936.938
002563.SZ,20260420,5.19,5.23,5.17,5.22,5.19,0.03,0.578,95742.0,49794.427
002564.SZ,20260420,6.32,6.35,6.14,6.25,6.38,-0.13,-2.0376,202929.0,126117.572
002565.SZ,20260420,18.95,20.56,18.95,20.29,18.92,1.37,7.241,2680636.19,5338051.048
002566.SZ,20260420,7.54,7.68,7.43,7.68,7.53,0.15,1.992,86318.02,65411.414
002567.SZ,20260420,4.27,4.29,4.2,4.27,4.23,0.04,0.9456,248808.62,105577.176
002568.SZ,20260420,17.03,17.32,16.98,17.17,17.07,0.1,0.5858,46065.86,78970.941
002569.SZ,20260420,13.75,14.27,13.75,13.89,13.85,0.04,0.2888,31620.0,44359.893
002570.SZ,20260420,5.02,5.06,5.0,5.04,5.04,0.0,0.0,132995.51,66881.717
002571.SZ,20260420,12.06,12.13,11.93,12.08,12.06,0.02,0.1658,44308.0,53229.769
002572.SZ,20260420,12.98,13.23,12.98,13.03,13.03,0.0,0.0,94922.0,123853.835
002573.SZ,20260420,3.52,3.54,3.49,3.53,3.51,0.02,0.5698,63352.0,22275.118
002574.SZ,20260420,5.42,5.5,5.38,5.46,5.42,0.04,0.738,57916.0,31553.96
002575.SZ,20260420,6.51,6.58,6.43,6.49,6.54,-0.05,-0.7645,409101.61,265317.203
002576.SZ,20260420,19.02,19.14,18.87,19.04,19.02,0.02,0.1052,43939.0,83446.407
002577.SZ,20260420,15.63,15.72,15.53,15.71,15.63,0.08,0.5118,14208.0,22264.143
002578.SZ,20260420,4.05,4.05,3.95,4.01,4.07,-0.06,-1.4742,282517.0,113152.294
002579.SZ,20260420,13.25,13.41,13.1,13.25,13.16,0.09,0.6839,694079.6,920129.856
002580.SZ,20260420,33.58,33.64,32.2,33.0,30.58,2.42,7.9137,1048991.11,3503538.279
002581.SZ,20260420,7.57,7.63,7.4,7.41,7.65,-0.24,-3.1373,46741.0,34862.713
002582.SZ,20260420,12.21,12.65,12.18,12.39,12.21,0.18,1.4742,279114.63,346084.06
002583.SZ,20260420,10.83,10.95,10.81,10.89,10.85,0.04,0.3687,221383.9,241370.184
002584.SZ,20260420,7.6,7.68,7.55,7.63,7.62,0.01,0.1312,122951.36,93581.784
002585.SZ,20260420,7.36,7.92,7.36,7.65,7.46,0.19,2.5469,729359.51,563103.482
002586.SZ,20260420,5.16,5.2,5.03,5.08,5.07,0.01,0.1972,98103.0,49956.192
002587.SZ,20260420,6.54,6.64,6.5,6.59,6.54,0.05,0.7645,135743.0,89432.682
002588.SZ,20260420,10.4,10.58,10.28,10.5,10.45,0.05,0.4785,162147.22,168561.027
002589.SZ,20260420,3.45,3.48,3.37,3.43,3.43,0.0,0.0,1198777.96,409026.559
002590.SZ,20260420,12.66,12.75,12.6,12.7,12.68,0.02,0.1577,57194.76,72594.807
002591.SZ,20260420,6.85,6.96,6.81,6.89,6.86,0.03,0.4373,56570.0,38942.253
002592.SZ,20260420,8.08,8.11,7.95,8.08,8.1,-0.02,-0.2469,44891.02,36010.354
002593.SZ,20260420,5.27,5.3,5.24,5.28,5.28,0.0,0.0,94645.35,49880.192
002594.SZ,20260420,103.78,103.95,102.62,102.91,103.78,-0.87,-0.8383,383676.96,3957213.043
002595.SZ,20260420,90.17,91.75,87.61,88.45,90.5,-2.05,-2.2652,50381.67,446368.794
002596.SZ,20260420,3.51,3.58,3.46,3.56,3.53,0.03,0.8499,302133.59,106555.314
002597.SZ,20260420,22.66,22.95,22.55,22.59,22.72,-0.13,-0.5722,49811.09,112866.124
002598.SZ,20260420,8.12,8.12,8.05,8.1,8.09,0.01,0.1236,62043.0,50172.049
002599.SZ,20260420,7.01,7.15,6.97,7.15,7.01,0.14,1.9971,99824.7,70579.737
002600.SZ,20260420,14.29,14.85,14.03,14.64,13.79,0.85,6.1639,2439697.32,3518706.9
002601.SZ,20260420,17.68,17.93,17.55,17.67,17.69,-0.02,-0.1131,206221.7,364438.941
002602.SZ,20260420,17.17,17.22,16.78,16.87,17.2,-0.33,-1.9186,760924.66,1292137.71
002603.SZ,20260420,16.63,16.63,16.42,16.53,16.69,-0.16,-0.9587,117811.96,194495.025
002605.SZ,20260420,20.88,20.99,20.77,20.92,20.88,0.04,0.1916,46895.07,98093.653
002606.SZ,20260420,12.15,12.46,12.05,12.46,12.15,0.31,2.5514,375913.37,463663.389
002607.SZ,20260420,2.59,2.61,2.58,2.59,2.6,-0.01,-0.3846,760141.62,197050.904
002608.SZ,20260420,8.01,8.14,8.0,8.09,8.03,0.06,0.7472,151345.15,121996.492
002609.SZ,20260420,8.4,8.46,8.33,8.43,8.4,0.03,0.3571,66573.0,55965.052
002611.SZ,20260420,17.89,18.05,17.66,17.93,17.91,0.02,0.1117,263327.74,470455.172
002612.SZ,20260420,16.89,17.04,16.8,16.99,16.95,0.04,0.236,35018.93,59368.008
002613.SZ,20260420,4.08,4.09,3.99,4.05,4.07,-0.02,-0.4914,402569.5,162353.692
002614.SZ,20260420,6.13,6.18,6.09,6.18,6.13,0.05,0.8157,56754.99,34908.218
002615.SZ,20260420,7.88,7.9,7.73,7.83,7.87,-0.04,-0.5083,107940.8,84381.459
002616.SZ,20260420,5.77,5.92,5.7,5.91,5.78,0.13,2.2491,204602.66,119452.286
002617.SZ,20260420,7.72,7.95,7.72,7.83,7.71,0.12,1.5564,725192.22,569461.495
002620.SZ,20260420,8.85,9.35,8.72,9.35,8.9,0.45,5.0562,149879.0,137354.084
002622.SZ,20260420,2.46,2.56,2.44,2.55,2.47,0.08,3.2389,256240.0,64288.192
002623.SZ,20260420,22.39,22.77,22.01,22.59,22.34,0.25,1.1191,44965.0,101154.226
002624.SZ,20260420,20.88,21.35,20.07,20.15,20.7,-0.55,-2.657,965148.44,1984836.973
002625.SZ,20260420,39.87,40.9,39.77,40.54,39.87,0.67,1.6805,226719.69,920513.394
002626.SZ,20260420,18.01,18.08,17.7,17.75,18.0,-0.25,-1.3889,64570.0,115304.551
002627.SZ,20260420,7.61,7.62,7.41,7.58,7.63,-0.05,-0.6553,228360.46,171814.674
002628.SZ,20260420,5.86,5.91,5.55,5.7,5.57,0.13,2.3339,1075987.66,611754.09
002629.SZ,20260420,6.68,6.69,6.4,6.66,6.7,-0.04,-0.597,268779.5,176115.522
002630.SZ,20260420,2.26,2.27,2.16,2.21,2.24,-0.03,-1.3393,729739.45,161061.425
002631.SZ,20260420,7.35,7.58,7.33,7.51,7.37,0.14,1.8996,176668.84,132270.914
002632.SZ,20260420,12.21,12.32,12.05,12.27,12.2,0.07,0.5738,101665.0,124001.428
002633.SZ,20260420,18.96,19.17,18.61,19.15,18.92,0.23,1.2156,35826.02,67836.92
002634.SZ,20260420,5.51,5.74,5.44,5.69,5.8,-0.11,-1.8966,499423.79,279309.769
002635.SZ,20260420,16.63,17.2,16.43,16.8,16.5,0.3,1.8182,297979.81,502476.262
002636.SZ,20260420,39.45,39.98,38.69,39.57,38.9,0.67,1.7224,379841.19,1495624.703
002637.SZ,20260420,11.79,11.99,11.73,11.93,11.86,0.07,0.5902,123847.05,146659.126
002638.SZ,20260420,4.64,4.69,4.47,4.53,4.69,-0.16,-3.4115,506131.5,230177.396
002639.SZ,20260420,19.4,20.1,19.4,20.07,19.38,0.69,3.5604,911872.83,1814320.945
002640.SZ,20260420,3.47,3.54,3.46,3.53,3.48,0.05,1.4368,444341.0,156236.699
002641.SZ,20260420,4.15,4.26,4.12,4.19,4.1,0.09,2.1951,178380.43,74984.1
002642.SZ,20260420,7.99,8.03,7.95,7.98,8.0,-0.02,-0.25,104190.0,83078.662
002643.SZ,20260420,16.75,16.87,16.66,16.75,16.81,-0.06,-0.3569,120327.6,201815.187
002644.SZ,20260420,8.43,8.46,8.36,8.46,8.43,0.03,0.3559,38556.05,32451.744
002645.SZ,20260420,22.39,23.08,21.99,22.88,22.31,0.57,2.5549,409702.12,927349.194
002646.SZ,20260420,7.92,7.98,7.89,7.97,7.94,0.03,0.3778,29526.87,23463.669
002647.SZ,20260420,11.2,11.54,11.01,11.54,10.49,1.05,10.0095,206500.58,236331.007
002648.SZ,20260420,27.3,27.46,26.03,26.26,27.39,-1.13,-4.1256,877710.81,2319279.415
002649.SZ,20260420,12.0,12.06,11.93,11.98,11.99,-0.01,-0.0834,83575.0,100302.765
002650.SZ,20260420,7.35,7.41,7.17,7.29,7.26,0.03,0.4132,80615.5,58508.538
002651.SZ,20260420,9.58,9.76,9.55,9.73,9.6,0.13,1.3542,90438.0,87702.501
002652.SZ,20260420,4.82,4.93,4.69,4.9,4.78,0.12,2.5105,162008.0,78316.964
002653.SZ,20260420,55.49,57.63,54.78,57.63,56.02,1.61,2.874,63328.98,359474.931
002654.SZ,20260420,15.15,16.15,15.12,15.94,15.3,0.64,4.183,742686.17,1175459.515
002655.SZ,20260420,23.0,23.23,22.0,22.69,22.91,-0.22,-0.9603,412759.5,926257.471
002656.SZ,20260420,3.16,3.16,3.05,3.07,3.14,-0.07,-2.2293,97934.0,30299.149
002657.SZ,20260420,22.51,22.63,22.36,22.59,22.5,0.09,0.4,66563.57,150057.846
002658.SZ,20260420,8.51,9.03,8.45,8.84,8.43,0.41,4.8636,285047.0,251026.3
002659.SZ,20260420,5.12,5.18,5.08,5.17,5.12,0.05,0.9766,105376.96,54142.09
002660.SZ,20260420,8.62,8.78,8.59,8.77,8.63,0.14,1.6222,39991.0,34921.015
002661.SZ,20260420,8.9,8.9,8.73,8.87,8.86,0.01,0.1129,25809.81,22832.462
002662.SZ,20260420,4.14,4.18,4.12,4.18,4.17,0.01,0.2398,211436.52,87723.916
002663.SZ,20260420,2.18,2.22,2.15,2.18,2.2,-0.02,-0.9091,584907.78,127595.991
002664.SZ,20260420,21.86,22.01,20.7,21.33,22.07,-0.74,-3.353,175664.21,376744.099
002666.SZ,20260420,5.4,5.43,5.33,5.42,5.39,0.03,0.5566,113419.02,60998.27
002667.SZ,20260420,28.58,29.46,27.8,28.83,28.79,0.04,0.1389,205370.47,589668.605
002668.SZ,20260420,9.33,9.55,9.33,9.35,9.33,0.02,0.2144,103331.44,97305.155
002669.SZ,20260420,13.91,14.18,13.78,13.91,14.04,-0.13,-0.9259,121895.0,169396.033
002670.SZ,20260420,14.64,14.75,14.59,14.68,14.62,0.06,0.4104,110120.46,161660.775
002671.SZ,20260420,4.77,4.83,4.75,4.83,4.77,0.06,1.2579,102526.09,49136.051
002672.SZ,20260420,4.18,4.22,4.15,4.19,4.18,0.01,0.2392,73756.06,30903.036
002673.SZ,20260420,7.37,7.39,7.29,7.31,7.36,-0.05,-0.6793,237760.91,174344.99
002674.SZ,20260420,13.67,13.94,13.65,13.9,13.68,0.22,1.6082,28940.0,39959.748
002675.SZ,20260420,13.98,14.25,13.88,13.99,14.0,-0.01,-0.0714,159176.67,224010.71
002676.SZ,20260420,6.99,7.02,6.93,6.99,7.0,-0.01,-0.1429,99857.0,69686.376
002677.SZ,20260420,7.71,7.75,7.6,7.62,7.7,-0.08,-1.039,50434.0,38564.484
002678.SZ,20260420,5.74,5.87,5.71,5.82,5.76,0.06,1.0417,147453.1,85384.332
002679.SZ,20260420,10.65,10.69,10.52,10.67,10.56,0.11,1.0417,22795.0,24243.21
002681.SZ,20260420,5.21,5.28,5.2,5.24,5.22,0.02,0.3831,212644.84,111675.784
002682.SZ,20260420,5.95,6.04,5.88,6.02,5.94,0.08,1.3468,178565.5,106687.83
002683.SZ,20260420,42.42,43.16,41.7,42.13,42.53,-0.4,-0.9405,135481.68,574763.62
002685.SZ,20260420,8.89,8.96,8.34,8.59,8.45,0.14,1.6568,870757.07,746872.649
002686.SZ,20260420,7.75,8.47,7.71,8.47,7.7,0.77,10.0,385697.55,321568.022
002687.SZ,20260420,5.2,5.26,5.07,5.12,5.08,0.04,0.7874,406558.49,208745.772
002688.SZ,20260420,5.88,5.88,5.83,5.84,5.87,-0.03,-0.5111,92468.44,54051.415
002689.SZ,20260420,3.81,3.83,3.77,3.78,3.8,-0.02,-0.5263,98245.35,37246.181
002690.SZ,20260420,18.19,18.4,18.17,18.22,18.19,0.03,0.1649,49165.24,89966.093
002691.SZ,20260420,7.27,7.35,7.23,7.33,7.29,0.04,0.5487,38877.0,28372.132
002692.SZ,20260420,6.63,7.26,6.56,7.26,6.6,0.66,10.0,821662.48,581880.866
002693.SZ,20260420,8.8,8.91,8.54,8.62,8.5,0.12,1.4118,185981.0,161301.318
002694.SZ,20260420,2.78,2.85,2.69,2.84,2.79,0.05,1.7921,145060.0,40183.411
002695.SZ,20260420,11.35,11.69,11.29,11.62,11.33,0.29,2.5596,98681.23,113732.379
002696.SZ,20260420,6.96,6.97,6.78,6.91,6.86,0.05,0.7289,58291.0,40124.78
002697.SZ,20260420,5.29,5.3,5.22,5.29,5.3,-0.01,-0.1887,176364.57,92802.191
002698.SZ,20260420,14.03,14.21,13.95,14.08,13.93,0.15,1.0768,66734.0,94208.206
002700.SZ,20260420,6.54,6.67,6.51,6.64,6.58,0.06,0.9119,52922.0,34927.401
002701.SZ,20260420,5.3,5.34,5.26,5.32,5.3,0.02,0.3774,241124.02,128201.751
002702.SZ,20260420,5.65,5.74,5.59,5.73,5.66,0.07,1.2367,121138.6,68666.633
002703.SZ,20260420,20.01,20.66,19.87,20.43,20.16,0.27,1.3393,346260.1,703335.299
002705.SZ,20260420,17.58,18.28,17.54,18.07,17.75,0.32,1.8028,431250.34,772928.274
002706.SZ,20260420,11.22,11.28,10.79,11.09,11.21,-0.12,-1.0705,949205.23,1047258.808
002707.SZ,20260420,6.56,6.6,6.48,6.57,6.6,-0.03,-0.4545,170643.13,111593.191
002708.SZ,20260420,14.51,14.51,13.4,13.69,14.72,-1.03,-6.9973,603166.16,825946.726
002709.SZ,20260420,48.5,49.65,47.58,49.65,48.79,0.86,1.7627,927052.52,4530492.39
002712.SZ,20260420,5.2,5.3,5.16,5.28,5.2,0.08,1.5385,100850.11,53013.846
002713.SZ,20260420,14.6,14.78,13.8,14.3,14.37,-0.07,-0.4871,265305.86,378146.142
002714.SZ,20260420,45.94,46.22,45.2,45.32,45.53,-0.21,-0.4612,337323.33,1536158.922
002715.SZ,20260420,15.73,15.95,15.49,15.86,15.73,0.13,0.8264,31031.0,48858.813
002716.SZ,20260420,12.09,12.44,12.09,12.32,12.08,0.24,1.9868,1664595.1,2049073.778
002717.SZ,20260420,1.62,1.63,1.6,1.62,1.63,-0.01,-0.6135,447431.5,72354.861
002718.SZ,20260420,75.72,76.7,72.9,73.92,75.66,-1.74,-2.2998,19423.9,145060.304
002719.SZ,20260420,8.35,8.39,8.21,8.36,8.35,0.01,0.1198,47390.0,39456.486
002721.SZ,20260420,2.98,3.04,2.95,2.97,3.01,-0.04,-1.3289,428009.0,127431.439
002722.SZ,20260420,14.71,14.81,14.53,14.69,14.77,-0.08,-0.5416,31992.74,47037.743
002723.SZ,20260420,10.77,11.05,10.48,10.63,10.7,-0.07,-0.6542,266815.08,287570.658
002724.SZ,20260420,7.03,7.2,6.98,7.17,7.04,0.13,1.8466,90021.8,64175.112
002725.SZ,20260420,16.52,17.17,16.35,17.02,16.55,0.47,2.8399,188947.02,320354.115
002726.SZ,20260420,3.44,3.58,3.37,3.46,3.49,-0.03,-0.8596,854696.06,294717.573
002727.SZ,20260420,12.46,12.58,12.38,12.52,12.5,0.02,0.16,43373.58,54190.636
002728.SZ,20260420,10.65,10.72,10.54,10.71,10.7,0.01,0.0935,103280.56,109942.606
002729.SZ,20260420,20.55,20.59,19.74,20.25,20.41,-0.16,-0.7839,88606.18,179120.579
002730.SZ,20260420,27.05,27.9,26.18,26.7,27.1,-0.4,-1.476,265465.0,717790.345
002731.SZ,20260420,6.56,6.56,6.56,6.56,6.9,-0.34,-4.9275,13215.0,8669.04
002732.SZ,20260420,16.15,16.27,16.03,16.22,16.18,0.04,0.2472,9601.0,15516.467
002733.SZ,20260420,31.41,31.5,30.42,30.83,31.62,-0.79,-2.4984,279930.74,862832.402
002734.SZ,20260420,17.1,17.6,16.94,17.55,17.25,0.3,1.7391,243715.24,423540.427
002735.SZ,20260420,15.19,15.72,15.15,15.64,15.26,0.38,2.4902,123820.32,192147.51
002736.SZ,20260420,11.95,11.95,11.38,11.47,12.09,-0.62,-5.1282,1051918.68,1211457.386
002737.SZ,20260420,12.23,12.33,12.15,12.31,12.23,0.08,0.6541,21672.29,26545.623
002738.SZ,20260420,84.65,85.7,83.0,83.26,84.63,-1.37,-1.6188,235221.06,1978680.828
002739.SZ,20260420,10.12,10.39,10.08,10.3,10.07,0.23,2.284,643378.34,660800.639
002741.SZ,20260420,19.5,19.97,19.41,19.6,19.54,0.06,0.3071,142579.62,281221.81
002742.SZ,20260420,4.71,4.76,4.71,4.73,4.74,-0.01,-0.211,34736.58,16416.553
002743.SZ,20260420,5.34,5.34,5.25,5.33,5.32,0.01,0.188,61970.95,32879.418
002745.SZ,20260420,8.68,8.85,8.58,8.74,8.69,0.05,0.5754,533117.26,465963.488
002746.SZ,20260420,6.12,6.16,6.04,6.1,6.1,0.0,0.0,66939.0,40727.209
002747.SZ,20260420,21.37,21.58,21.25,21.43,21.37,0.06,0.2808,123882.13,265814.492
002748.SZ,20260420,12.28,12.37,12.2,12.24,12.28,-0.04,-0.3257,32921.0,40390.785
002749.SZ,20260420,12.29,12.4,12.1,12.37,13.05,-0.68,-5.2107,81892.4,100044.687
002752.SZ,20260420,6.2,6.28,6.17,6.27,6.2,0.07,1.129,129273.0,80677.325
002753.SZ,20260420,7.18,7.28,7.13,7.25,7.2,0.05,0.6944,43615.88,31441.867
002755.SZ,20260420,15.86,16.15,15.75,15.91,15.86,0.05,0.3153,183723.62,293625.298
002756.SZ,20260420,75.48,78.46,73.7,74.74,74.83,-0.09,-0.1203,201802.62,1524405.334
002757.SZ,20260420,22.38,22.78,22.12,22.65,22.36,0.29,1.297,234026.86,527811.198
002758.SZ,20260420,9.69,9.78,9.57,9.75,9.7,0.05,0.5155,61402.98,59302.539
002759.SZ,20260420,34.73,34.91,34.17,34.49,35.17,-0.68,-1.9335,430037.43,1480024.921
002760.SZ,20260420,21.9,22.08,21.6,22.01,21.9,0.11,0.5023,26305.91,57520.435
002761.SZ,20260420,8.12,8.16,8.06,8.13,8.17,-0.04,-0.4896,79566.27,64611.069
002762.SZ,20260420,7.73,8.21,7.73,8.17,7.84,0.33,4.2092,72282.06,58377.732
002763.SZ,20260420,8.04,8.12,8.01,8.11,8.01,0.1,1.2484,50862.39,41025.889
002765.SZ,20260420,10.3,10.44,10.28,10.44,10.33,0.11,1.0649,83775.0,87069.921
002766.SZ,20260420,4.82,4.85,4.77,4.83,4.83,0.0,0.0,162038.0,78081.935
002767.SZ,20260420,21.98,22.1,21.71,21.95,21.98,-0.03,-0.1365,41927.5,91640.868
002768.SZ,20260420,50.6,51.96,50.45,51.5,50.44,1.06,2.1015,33109.82,170009.646
002769.SZ,20260420,10.72,10.8,10.49,10.51,10.73,-0.22,-2.0503,88827.0,94101.964
002771.SZ,20260420,18.78,19.15,17.84,18.35,18.52,-0.17,-0.9179,543888.91,1004009.296
002772.SZ,20260420,19.0,19.32,18.73,19.0,18.49,0.51,2.7582,154985.64,294343.982
002773.SZ,20260420,26.62,27.88,26.39,27.01,26.62,0.39,1.4651,181685.64,491435.286
002774.SZ,20260420,10.84,11.27,10.79,11.2,10.87,0.33,3.0359,78434.0,87385.564
002775.SZ,20260420,3.73,3.73,3.62,3.72,3.73,-0.01,-0.2681,151465.08,55690.778
002777.SZ,20260420,16.56,16.79,16.5,16.7,16.54,0.16,0.9674,52723.63,87949.388
002778.SZ,20260420,20.92,20.97,20.57,20.58,20.81,-0.23,-1.1052,24701.4,51192.416
002779.SZ,20260420,94.48,96.03,92.61,95.21,94.18,1.03,1.0937,25957.14,245946.405
002780.SZ,20260420,14.81,15.05,14.62,15.03,14.81,0.22,1.4855,28197.65,41989.731
002782.SZ,20260420,23.06,23.56,22.75,23.05,23.06,-0.01,-0.0434,126269.89,291407.212
002783.SZ,20260420,9.57,9.57,9.36,9.49,9.56,-0.07,-0.7322,81152.1,76735.346
002785.SZ,20260420,42.62,43.43,42.05,42.56,42.75,-0.19,-0.4444,53893.88,230297.638
002786.SZ,20260420,7.17,7.24,7.14,7.24,7.2,0.04,0.5556,43582.0,31414.04
002787.SZ,20260420,16.93,17.26,16.48,16.93,16.97,-0.04,-0.2357,293818.63,497407.7
002788.SZ,20260420,15.06,15.22,14.88,15.13,15.09,0.04,0.2651,366998.89,553526.978
002789.SZ,20260420,12.76,13.51,12.7,13.36,12.92,0.44,3.4056,23414.6,30783.032
002790.SZ,20260420,7.69,7.81,7.58,7.76,7.69,0.07,0.9103,36676.36,28140.785
002791.SZ,20260420,19.4,19.4,19.17,19.29,19.37,-0.08,-0.413,32154.5,61923.365
002792.SZ,20260420,50.36,55.0,50.2,52.88,51.02,1.86,3.6456,785048.91,4110383.594
002793.SZ,20260420,5.09,5.2,5.01,5.05,5.06,-0.01,-0.1976,156877.0,79651.87
002795.SZ,20260420,8.27,8.46,8.03,8.38,8.29,0.09,1.0856,256576.56,212584.309
002796.SZ,20260420,57.76,57.76,55.14,55.8,53.35,2.45,4.5923,292661.87,1651596.106
002797.SZ,20260420,8.01,8.02,7.83,7.89,7.96,-0.07,-0.8794,1417219.62,1118757.963
002798.SZ,20260420,7.08,7.29,6.98,7.12,7.01,0.11,1.5692,184668.92,131475.793
002799.SZ,20260420,8.26,8.44,8.12,8.25,8.11,0.14,1.7263,53782.4,44297.772
002800.SZ,20260420,17.5,17.89,17.12,17.64,17.49,0.15,0.8576,53032.6,92562.832
002801.SZ,20260420,32.82,32.85,32.28,32.7,32.9,-0.2,-0.6079,16144.0,52677.262
002802.SZ,20260420,16.37,17.02,14.93,15.69,16.36,-0.67,-4.0954,386856.96,602351.379
002803.SZ,20260420,17.36,19.2,17.26,19.2,17.45,1.75,10.0287,185057.46,345840.968
002805.SZ,20260420,18.14,18.44,17.92,18.17,18.15,0.02,0.1102,176594.35,319966.299
002806.SZ,20260420,14.48,14.67,14.17,14.29,14.5,-0.21,-1.4483,71566.8,102694.191
002807.SZ,20260420,4.68,4.69,4.64,4.67,4.68,-0.01,-0.2137,243253.0,113645.094
002808.SZ,20260420,4.29,4.41,4.17,4.19,4.39,-0.2,-4.5558,128730.28,54459.823
002809.SZ,20260420,10.53,10.57,10.44,10.53,10.5,0.03,0.2857,66138.84,69507.893
002810.SZ,20260420,25.79,26.75,25.04,26.21,25.78,0.43,1.668,143565.21,373711.951
002811.SZ,20260420,13.8,13.9,13.68,13.85,13.79,0.06,0.4351,39750.0,54882.907
002812.SZ,20260420,71.49,72.98,70.45,72.15,71.67,0.48,0.6697,313719.03,2253348.366
002813.SZ,20260420,24.25,26.06,23.87,25.85,24.25,1.6,6.5979,61385.92,154352.398
002815.SZ,20260420,15.71,15.95,15.53,15.59,15.63,-0.04,-0.2559,337199.48,529094.786
002816.SZ,20260420,25.48,26.08,25.47,25.86,26.08,-0.22,-0.8436,40303.0,103627.86
002817.SZ,20260420,7.91,7.98,7.58,7.84,7.95,-0.11,-1.3836,127437.41,98414.874
002818.SZ,20260420,10.74,10.74,10.66,10.69,10.71,-0.02,-0.1867,14465.1,15481.005
002819.SZ,20260420,26.63,27.13,26.49,26.88,26.63,0.25,0.9388,21998.0,59204.853
002820.SZ,20260420,10.38,10.51,10.31,10.5,10.4,0.1,0.9615,38569.0,40223.329
002821.SZ,20260420,116.0,116.0,113.22,113.72,114.41,-0.69,-0.6031,54913.2,626917.617
002822.SZ,20260420,3.37,3.38,3.3,3.32,3.36,-0.04,-1.1905,99835.53,33210.047
002823.SZ,20260420,15.85,16.03,15.77,15.93,15.9,0.03,0.1887,41589.65,66119.256
002824.SZ,20260420,30.11,30.2,28.7,29.1,30.18,-1.08,-3.5785,350257.38,1025375.643
002825.SZ,20260420,11.18,11.49,11.18,11.48,11.23,0.25,2.2262,64200.27,73237.462
002826.SZ,20260420,21.12,21.39,20.91,21.15,21.13,0.02,0.0947,42983.0,90955.468
002827.SZ,20260420,32.64,32.8,32.47,32.62,32.66,-0.04,-0.1225,17068.0,55656.844
002828.SZ,20260420,11.85,11.96,11.75,11.95,11.81,0.14,1.1854,150630.1,178653.266
002829.SZ,20260420,23.13,23.95,23.09,23.92,23.13,0.79,3.4155,78130.41,185114.197
002830.SZ,20260420,21.75,21.95,21.32,21.75,21.45,0.3,1.3986,20612.0,44618.67
002831.SZ,20260420,36.86,38.05,36.24,36.84,36.64,0.2,0.5459,132802.36,494003.6
002832.SZ,20260420,17.85,18.01,17.61,17.97,17.8,0.17,0.9551,79213.14,141325.042
002833.SZ,20260420,18.47,18.58,17.95,18.03,18.44,-0.41,-2.2234,48832.0,88862.58
002835.SZ,20260420,15.65,15.79,15.58,15.72,15.68,0.04,0.2551,16511.0,25922.323
002836.SZ,20260420,12.92,12.92,12.73,12.85,12.92,-0.07,-0.5418,23013.0,29511.944
002837.SZ,20260420,113.2,121.74,111.68,121.08,110.67,10.41,9.4063,847986.84,10129168.977
002838.SZ,20260420,28.21,28.43,27.55,27.75,28.26,-0.51,-1.8047,67310.95,188659.92
002839.SZ,20260420,4.5,4.57,4.49,4.55,4.51,0.04,0.8869,253539.11,115115.803
002840.SZ,20260420,13.65,14.13,13.26,13.49,13.56,-0.07,-0.5162,428350.11,582960.251
002841.SZ,20260420,35.13,36.67,35.0,36.23,35.12,1.11,3.1606,90947.88,328829.995
002842.SZ,20260420,33.45,35.0,33.34,34.45,33.64,0.81,2.4078,496021.62,1699997.23
002843.SZ,20260420,27.98,27.98,27.98,27.98,25.44,2.54,9.9843,94534.5,264507.531
002845.SZ,20260420,14.22,14.96,14.17,14.58,14.22,0.36,2.5316,101941.8,149373.513
002846.SZ,20260420,14.82,15.04,14.73,14.81,14.87,-0.06,-0.4035,46471.2,68928.164
002847.SZ,20260420,53.9,54.46,53.81,54.0,54.05,-0.05,-0.0925,17684.76,95649.983
002848.SZ,20260420,15.61,15.8,14.78,14.97,15.54,-0.57,-3.668,113869.0,172828.226
002849.SZ,20260420,18.18,18.6,17.92,17.97,18.14,-0.17,-0.9372,57722.0,104794.113
002850.SZ,20260420,201.32,205.0,196.0,199.61,198.16,1.45,0.7317,63730.53,1281695.473
002851.SZ,20260420,106.12,114.6,105.3,112.05,106.13,5.92,5.5781,283956.07,3153958.528
002852.SZ,20260420,9.75,9.78,9.65,9.77,9.72,0.05,0.5144,46284.88,45028.605
002853.SZ,20260420,26.33,26.56,25.8,26.39,25.95,0.44,1.6956,19404.5,50890.947
002855.SZ,20260420,11.63,11.83,11.55,11.8,11.66,0.14,1.2007,32396.0,38106.001
002856.SZ,20260420,11.45,12.01,11.4,11.82,11.55,0.27,2.3377,62145.4,72477.219
002857.SZ,20260420,21.4,21.94,21.08,21.45,21.36,0.09,0.4213,33739.0,72174.805
002858.SZ,20260420,16.1,16.4,15.83,16.31,16.15,0.16,0.9907,55665.0,90211.823
002859.SZ,20260420,50.73,50.98,48.4,48.97,50.22,-1.25,-2.489,135755.35,668231.787
002860.SZ,20260420,14.04,14.05,13.44,13.76,14.0,-0.24,-1.7143,277231.5,378829.423
002861.SZ,20260420,15.96,15.98,15.6,15.85,15.88,-0.03,-0.1889,38403.9,60758.276
002862.SZ,20260420,17.1,17.27,16.91,17.2,17.04,0.16,0.939,21477.4,36702.593
002863.SZ,20260420,5.54,5.57,5.5,5.55,5.51,0.04,0.726,78251.53,43354.293
002864.SZ,20260420,31.7,31.83,31.37,31.5,31.81,-0.31,-0.9745,26499.73,83424.914
002865.SZ,20260420,75.0,79.67,73.99,78.2,74.29,3.91,5.2632,252669.03,1947992.99
002866.SZ,20260420,26.79,27.81,25.8,26.63,26.39,0.24,0.9094,531022.31,1418347.05
002867.SZ,20260420,12.31,12.36,12.23,12.35,12.32,0.03,0.2435,65938.0,81012.415
002868.SZ,20260420,40.55,40.58,40.0,40.16,40.6,-0.44,-1.0837,8547.0,34340.316
002869.SZ,20260420,21.55,21.69,21.3,21.67,21.56,0.11,0.5102,33309.0,71678.357
002870.SZ,20260420,38.05,38.29,37.53,37.73,38.16,-0.43,-1.1268,24742.0,93266.917
002871.SZ,20260420,18.24,18.84,18.08,18.41,18.23,0.18,0.9874,41749.25,77189.63
002872.SZ,20260420,5.03,5.03,4.97,4.99,5.02,-0.03,-0.5976,22917.5,11470.062
002873.SZ,20260420,9.66,9.7,9.5,9.68,9.63,0.05,0.5192,78759.4,75608.651
002875.SZ,20260420,22.07,22.79,22.03,22.71,22.06,0.65,2.9465,137229.96,306657.288
002876.SZ,20260420,29.4,30.16,29.06,29.44,29.34,0.1,0.3408,77940.7,230701.783
002877.SZ,20260420,8.98,9.06,8.91,9.02,8.99,0.03,0.3337,58688.26,52856.035
002878.SZ,20260420,17.84,18.51,17.83,18.39,17.95,0.44,2.4513,135899.92,249477.548
002879.SZ,20260420,21.44,23.09,21.25,22.87,21.41,1.46,6.8192,122393.3,271928.882
002880.SZ,20260420,27.34,27.34,26.94,27.02,27.37,-0.35,-1.2788,16634.6,45061.94
002881.SZ,20260420,40.0,40.45,39.71,40.15,40.0,0.15,0.375,42589.02,170921.679
002882.SZ,20260420,30.35,30.43,29.58,29.66,30.66,-1.0,-3.2616,131189.37,391469.668
002883.SZ,20260420,9.55,9.64,9.39,9.61,9.45,0.16,1.6931,39133.2,37265.095
002884.SZ,20260420,18.81,19.27,18.8,19.05,18.87,0.18,0.9539,45774.92,87215.801
002885.SZ,20260420,26.71,29.3,26.65,29.3,26.64,2.66,9.985,347626.88,985556.044
002886.SZ,20260420,22.43,22.68,22.25,22.59,22.42,0.17,0.7583,53580.0,120701.555
002887.SZ,20260420,11.25,12.0,11.17,11.74,11.19,0.55,4.9151,89833.0,105503.875
002888.SZ,20260420,19.05,19.13,18.76,19.07,18.98,0.09,0.4742,17762.4,33790.869
002889.SZ,20260420,13.45,13.56,13.35,13.56,13.47,0.09,0.6682,13547.69,18289.081
002890.SZ,20260420,16.18,16.35,16.0,16.1,16.2,-0.1,-0.6173,24706.0,39862.492
002891.SZ,20260420,41.76,42.39,41.43,41.95,41.81,0.14,0.3348,113397.59,475566.829
002892.SZ,20260420,11.15,11.34,11.1,11.17,11.09,0.08,0.7214,79090.05,88465.707
002893.SZ,20260420,10.23,10.38,10.2,10.37,10.21,0.16,1.5671,89399.12,91844.295
002895.SZ,20260420,37.04,37.37,36.31,36.48,37.06,-0.58,-1.565,98248.1,359729.819
002896.SZ,20260420,74.0,74.0,72.25,72.88,74.59,-1.71,-2.2925,70344.2,512832.492
002897.SZ,20260420,68.98,69.66,66.54,67.29,67.19,0.1,0.1488,137248.46,934507.662
002898.SZ,20260420,12.51,12.51,12.51,12.51,13.17,-0.66,-5.0114,1784.0,2231.784
002899.SZ,20260420,33.98,34.55,33.12,34.33,33.45,0.88,2.6308,69657.0,235674.468
002900.SZ,20260420,11.16,11.16,10.97,11.13,11.19,-0.06,-0.5362,40390.0,44747.587
002901.SZ,20260420,43.6,44.34,43.31,43.98,43.78,0.2,0.4568,15837.57,69576.86
002902.SZ,20260420,29.5,30.8,29.4,30.2,30.38,-0.18,-0.5925,406611.12,1226143.625
002903.SZ,20260420,31.96,32.5,31.32,31.85,32.0,-0.15,-0.4688,84555.44,269805.73
002905.SZ,20260420,9.95,9.99,9.85,9.95,10.05,-0.1,-0.995,79336.0,78719.788
002906.SZ,20260420,31.86,33.22,31.55,32.6,31.89,0.71,2.2264,194536.54,629804.457
002907.SZ,20260420,14.22,14.32,14.11,14.16,14.21,-0.05,-0.3519,29834.0,42326.014
002908.SZ,20260420,9.18,9.2,9.13,9.18,9.16,0.02,0.2183,35318.88,32367.216
002909.SZ,20260420,6.39,6.77,6.33,6.56,6.37,0.19,2.9827,146012.96,95349.811
002910.SZ,20260420,10.66,10.8,10.51,10.8,10.66,0.14,1.3133,29888.0,32027.845
002911.SZ,20260420,13.59,13.76,13.54,13.7,13.59,0.11,0.8094,70535.52,96391.488
002912.SZ,20260420,26.54,27.57,26.3,27.29,26.56,0.73,2.7485,42881.0,116131.663
002913.SZ,20260420,51.88,52.57,50.9,51.26,51.75,-0.49,-0.9469,78305.29,403925.446
002915.SZ,20260420,21.27,21.57,21.27,21.47,21.28,0.19,0.8929,39246.0,84202.382
002916.SZ,20260420,285.83,298.0,285.0,287.62,283.06,4.56,1.611,111577.78,3238267.262
002917.SZ,20260420,14.05,14.05,13.44,13.56,14.09,-0.53,-3.7615,101545.81,137911.421
002918.SZ,20260420,11.78,11.98,11.68,11.76,11.8,-0.04,-0.339,59113.3,69605.637
002919.SZ,20260420,19.99,20.18,19.76,19.97,19.88,0.09,0.4527,27829.0,55597.449
002920.SZ,20260420,107.39,107.46,106.58,106.92,107.81,-0.89,-0.8255,62857.31,672253.337
002921.SZ,20260420,26.63,26.76,24.46,24.51,26.57,-2.06,-7.7531,137811.47,346496.802
002922.SZ,20260420,39.7,40.1,38.77,39.84,39.74,0.1,0.2516,182608.89,723900.898
002923.SZ,20260420,12.52,12.67,12.4,12.5,12.56,-0.06,-0.4777,85818.4,107325.109
002925.SZ,20260420,19.92,20.29,19.88,19.95,19.98,-0.03,-0.1502,111776.97,223752.077
002926.SZ,20260420,8.61,8.69,8.58,8.58,8.6,-0.02,-0.2326,109449.03,94254.437
002927.SZ,20260420,17.96,18.6,17.93,18.27,17.64,0.63,3.5714,113797.76,208148.052
002928.SZ,20260420,8.48,8.67,8.38,8.65,8.45,0.2,2.3669,301356.55,258780.229
002929.SZ,20260420,60.24,61.5,58.68,59.16,61.34,-2.18,-3.554,204731.16,1216870.673
002930.SZ,20260420,13.63,14.1,13.35,13.8,13.52,0.28,2.071,98487.86,135673.046
002931.SZ,20260420,70.48,70.48,66.9,69.25,70.5,-1.25,-1.773,112696.23,772077.908
002932.SZ,20260420,16.97,17.59,16.5,17.4,17.09,0.31,1.8139,77190.46,131522.193
002933.SZ,20260420,32.7,33.13,32.56,33.06,32.66,0.4,1.2247,21125.12,69441.254
002935.SZ,20260420,19.09,20.81,18.9,20.81,18.92,1.89,9.9894,191528.66,382989.53
002936.SZ,20260420,1.82,1.82,1.81,1.82,1.82,0.0,0.0,326118.89,59260.289
002937.SZ,20260420,31.54,32.47,31.34,31.71,31.64,0.07,0.2212,57628.0,183540.976
002938.SZ,20260420,62.0,66.95,61.5,65.87,62.12,3.75,6.0367,519865.39,3389377.969
002939.SZ,20260420,9.2,9.22,9.16,9.18,9.2,-0.02,-0.2174,144482.18,132719.49
002940.SZ,20260420,42.1,43.08,38.32,39.8,39.16,0.64,1.6343,605739.07,2482731.097
002941.SZ,20260420,15.87,16.15,15.87,16.13,15.97,0.16,1.0019,119884.33,192631.546
002942.SZ,20260420,19.28,19.43,19.01,19.29,19.29,0.0,0.0,13239.0,25478.742
002943.SZ,20260420,57.45,58.68,56.18,58.29,58.79,-0.5,-0.8505,192925.53,1107723.703
002945.SZ,20260420,15.69,15.89,15.68,15.87,15.69,0.18,1.1472,102380.26,161968.782
002946.SZ,20260420,18.03,18.35,17.95,18.2,18.08,0.12,0.6637,43776.08,79535.333
002947.SZ,20260420,71.33,73.92,70.03,71.8,71.32,0.48,0.673,133563.33,962548.311
002948.SZ,20260420,5.26,5.3,5.22,5.29,5.26,0.03,0.5703,303339.3,159659.987
002949.SZ,20260420,14.1,14.61,13.97,14.45,14.08,0.37,2.6278,44005.9,63171.97
002950.SZ,20260420,13.16,13.47,12.96,13.07,13.16,-0.09,-0.6839,223135.0,292453.011
002951.SZ,20260420,15.64,16.8,15.31,16.15,15.66,0.49,3.129,146660.0,235272.794
002952.SZ,20260420,25.05,25.8,24.54,24.81,24.92,-0.11,-0.4414,83475.0,209155.686
002953.SZ,20260420,12.41,12.55,12.34,12.51,12.46,0.05,0.4013,57275.77,71421.895
002955.SZ,20260420,25.26,25.59,25.02,25.28,25.33,-0.05,-0.1974,25460.09,64434.035
002956.SZ,20260420,27.39,27.79,27.24,27.52,27.47,0.05,0.182,15768.42,43268.939
002957.SZ,20260420,49.47,49.47,46.71,47.96,45.97,1.99,4.3289,435063.33,2070748.778
002958.SZ,20260420,2.99,3.0,2.98,2.99,2.99,0.0,0.0,251163.63,75109.372
002959.SZ,20260420,42.61,42.95,42.25,42.87,42.68,0.19,0.4452,13928.13,59301.41
002960.SZ,20260420,12.05,12.2,11.97,12.01,12.08,-0.07,-0.5795,118648.18,143006.399
002961.SZ,20260420,25.0,25.0,23.74,24.43,23.96,0.47,1.9616,138451.8,337594.601
002962.SZ,20260420,17.39,19.09,17.33,18.08,17.35,0.73,4.2075,482647.29,883949.02
002963.SZ,20260420,15.99,15.99,15.02,15.88,15.8,0.08,0.5063,82431.0,128221.458
002965.SZ,20260420,31.0,31.24,30.8,30.95,31.02,-0.07,-0.2257,40320.41,125141.556
002966.SZ,20260420,8.6,8.78,8.57,8.76,8.67,0.09,1.0381,280919.95,244829.061
002967.SZ,20260420,22.5,22.65,21.95,22.57,22.15,0.42,1.8962,190520.17,426003.722
002968.SZ,20260420,12.08,12.14,11.67,11.97,11.85,0.12,1.0127,40095.15,47689.331
002969.SZ,20260420,22.54,23.11,22.49,22.6,22.57,0.03,0.1329,430569.2,977215.137
002970.SZ,20260420,60.33,63.4,59.8,62.15,60.28,1.87,3.1022,92539.0,573563.115
002971.SZ,20260420,29.99,30.3,29.41,30.05,29.8,0.25,0.8389,34404.0,102683.899
002972.SZ,20260420,12.9,13.07,12.84,13.04,12.93,0.11,0.8507,37096.43,48100.584
002973.SZ,20260420,13.55,13.68,13.4,13.49,13.59,-0.1,-0.7358,26912.0,36268.387
002975.SZ,20260420,98.0,98.5,92.33,95.1,99.97,-4.87,-4.8715,162521.26,1546226.142
002976.SZ,20260420,28.98,29.37,28.86,29.25,29.02,0.23,0.7926,22154.4,64633.521
002977.SZ,20260420,29.55,30.54,29.5,30.45,29.54,0.91,3.0806,35669.48,108122.24
002978.SZ,20260420,34.08,34.91,33.91,34.64,34.23,0.41,1.1978,34324.0,118816.171
002979.SZ,20260420,40.15,40.19,39.54,39.67,39.89,-0.22,-0.5515,40184.21,160032.353
002980.SZ,20260420,75.18,79.56,73.0,78.0,73.12,4.88,6.674,267718.41,2030066.235
002981.SZ,20260420,24.42,25.05,24.34,24.8,24.41,0.39,1.5977,25550.88,63121.761
002982.SZ,20260420,14.13,14.29,13.96,14.13,14.13,0.0,0.0,29967.9,42196.057
002983.SZ,20260420,24.63,24.96,24.46,24.76,24.66,0.1,0.4055,22311.97,55140.409
002984.SZ,20260420,17.66,17.86,17.64,17.77,17.73,0.04,0.2256,75583.61,134140.229
002985.SZ,20260420,37.06,37.85,36.36,37.85,36.98,0.87,2.3526,122257.52,455094.157
002986.SZ,20260420,14.76,14.87,13.68,13.71,14.75,-1.04,-7.0508,111023.0,155375.48
002987.SZ,20260420,16.66,16.71,16.6,16.63,16.66,-0.03,-0.1801,84447.65,140605.995
002988.SZ,20260420,34.15,34.45,33.74,34.29,34.1,0.19,0.5572,47640.54,162248.236
002989.SZ,20260420,27.03,27.03,25.58,25.8,27.2,-1.4,-5.1471,58999.0,153339.986
002990.SZ,20260420,54.01,54.05,48.39,49.0,50.95,-1.95,-3.8273,422963.69,2158115.8
002991.SZ,20260420,49.49,51.8,49.28,51.12,49.75,1.37,2.7538,13934.82,70758.708
002992.SZ,20260420,51.68,53.18,51.43,52.75,51.68,1.07,2.0704,24321.5,127857.955
002993.SZ,20260420,53.19,56.0,52.82,54.67,53.1,1.57,2.9567,84427.51,463000.839
002995.SZ,20260420,23.7,24.35,23.53,24.25,23.89,0.36,1.5069,132324.0,318697.591
002996.SZ,20260420,7.47,7.51,7.4,7.43,7.48,-0.05,-0.6684,73059.0,54353.063
002997.SZ,20260420,32.61,32.72,31.39,31.45,32.67,-1.22,-3.7343,61451.37,194890.542
002998.SZ,20260420,9.29,9.44,9.15,9.37,9.25,0.12,1.2973,123338.37,115410.124
002999.SZ,20260420,6.89,6.99,6.84,6.98,6.87,0.11,1.6012,73405.21,50793.325
003000.SZ,20260420,10.37,10.5,10.32,10.5,10.37,0.13,1.2536,24665.0,25772.444
003001.SZ,20260420,17.1,17.1,16.8,17.0,17.08,-0.08,-0.4684,19495.13,33067.096
003002.SZ,20260420,28.37,29.1,28.0,28.68,28.36,0.32,1.1283,30250.0,86362.033
003003.SZ,20260420,13.16,13.32,13.07,13.31,13.16,0.15,1.1398,26148.0,34543.912
003004.SZ,20260420,31.95,33.54,31.95,33.49,31.94,1.55,4.8528,15161.0,50311.124
003005.SZ,20260420,18.06,18.29,17.96,18.23,18.08,0.15,0.8296,18892.2,34362.214
003006.SZ,20260420,17.17,18.33,17.17,18.33,16.66,1.67,10.024,65474.82,118296.151
003007.SZ,20260420,43.74,45.08,43.6,44.63,43.85,0.78,1.7788,46161.89,204906.62
003008.SZ,20260420,23.67,23.77,23.43,23.67,23.52,0.15,0.6378,22050.6,52095.586
003009.SZ,20260420,58.68,63.0,58.47,62.21,58.41,3.8,6.5057,88605.86,542752.536
003010.SZ,20260420,31.5,32.08,31.18,31.87,31.54,0.33,1.0463,58187.3,185051.698
003011.SZ,20260420,23.81,24.55,23.5,24.09,23.95,0.14,0.5846,21513.9,51647.019
003012.SZ,20260420,6.2,6.27,6.14,6.24,6.16,0.08,1.2987,101427.5,63167.538
003013.SZ,20260420,13.22,13.32,13.19,13.3,13.22,0.08,0.6051,15149.0,20077.464
003015.SZ,20260420,16.27,16.39,16.15,16.29,16.34,-0.05,-0.306,83663.0,136246.746
003016.SZ,20260420,8.16,8.22,8.05,8.21,8.13,0.08,0.984,27176.0,22183.945
003017.SZ,20260420,30.86,31.48,30.6,31.35,30.86,0.49,1.5878,16280.02,50778.864
003018.SZ,20260420,39.3,43.14,39.3,43.14,39.22,3.92,9.9949,178633.59,741029.334
003019.SZ,20260420,33.11,35.47,33.11,35.45,33.24,2.21,6.6486,131617.55,458310.677
003020.SZ,20260420,24.2,24.26,23.88,23.93,24.2,-0.27,-1.1157,15933.69,38249.109
003021.SZ,20260420,102.45,102.96,101.2,101.55,101.71,-0.16,-0.1573,31141.71,316962.467
003022.SZ,20260420,22.33,22.67,22.22,22.31,22.52,-0.21,-0.9325,148828.93,333456.087
003023.SZ,20260420,29.58,31.74,29.43,31.74,28.85,2.89,10.0173,51888.8,161935.368
003025.SZ,20260420,13.9,13.96,13.8,13.86,13.89,-0.03,-0.216,34862.28,48346.935
003026.SZ,20260420,36.5,37.14,36.38,36.78,36.66,0.12,0.3273,46640.45,171636.758
003027.SZ,20260420,22.8,23.5,22.52,22.86,22.94,-0.08,-0.3487,50381.0,114988.124
003028.SZ,20260420,28.64,28.96,28.0,28.22,28.48,-0.26,-0.9129,19056.06,53895.336
003029.SZ,20260420,21.54,21.66,21.38,21.57,21.55,0.02,0.0928,25307.0,54587.611
003030.SZ,20260420,20.22,20.5,20.0,20.43,20.24,0.19,0.9387,12320.0,25019.346
003031.SZ,20260420,120.3,123.0,117.3,119.01,112.48,6.53,5.8055,181606.65,2171707.319
003032.SZ,20260420,6.39,6.42,6.33,6.41,6.38,0.03,0.4702,29552.0,18839.136
003033.SZ,20260420,60.42,61.86,59.69,61.16,61.68,-0.52,-0.8431,20127.0,121739.119
003035.SZ,20260420,7.93,8.02,7.77,7.99,7.94,0.05,0.6297,938067.96,742565.455
003036.SZ,20260420,28.16,28.4,27.55,27.7,28.35,-0.65,-2.2928,100405.33,280230.453
003037.SZ,20260420,7.14,7.22,7.11,7.21,7.13,0.08,1.122,31028.0,22262.415
003038.SZ,20260420,15.09,15.43,14.96,15.14,15.11,0.03,0.1985,99901.56,151163.345
003039.SZ,20260420,15.0,15.9,14.97,15.24,14.49,0.75,5.176,181572.51,278820.114
003040.SZ,20260420,16.1,16.14,16.0,16.11,16.09,0.02,0.1243,43805.0,70425.36
003041.SZ,20260420,60.65,63.56,60.0,61.37,57.78,3.59,6.2132,95078.71,590584.25
003042.SZ,20260420,17.21,17.3,16.83,16.96,17.0,-0.04,-0.2353,43796.0,74213.047
003043.SZ,20260420,55.91,57.29,54.99,56.55,55.91,0.64,1.1447,36744.8,207338.63
003816.SZ,20260420,4.38,4.5,4.36,4.49,4.39,0.1,2.2779,1660949.81,740432.552
300001.SZ,20260420,28.9,30.28,28.9,29.8,28.91,0.89,3.0785,347199.18,1032128.987
300002.SZ,20260420,9.64,9.79,9.58,9.7,9.64,0.06,0.6224,356209.78,345670.932
300003.SZ,20260420,16.33,16.55,16.22,16.45,16.35,0.1,0.6116,191157.82,314043.845
300004.SZ,20260420,14.15,14.87,14.0,14.62,14.23,0.39,2.7407,222623.0,320679.058
300005.SZ,20260420,14.56,14.93,14.35,14.7,14.52,0.18,1.2397,224901.94,330388.622
300006.SZ,20260420,6.48,6.67,6.37,6.49,6.47,0.02,0.3091,666752.91,433208.055
300007.SZ,20260420,44.33,45.13,44.33,44.86,44.29,0.57,1.287,114210.84,512462.928
300008.SZ,20260420,7.67,8.05,7.66,8.05,7.64,0.41,5.3665,1635253.24,1293697.062
300009.SZ,20260420,9.86,9.91,9.77,9.8,9.87,-0.07,-0.7092,136155.38,133948.061
300010.SZ,20260420,6.1,6.17,6.07,6.12,6.11,0.01,0.1637,295023.92,180247.189
300011.SZ,20260420,7.42,7.53,7.4,7.51,7.43,0.08,1.0767,51762.0,38656.639
300012.SZ,20260420,16.5,17.97,16.5,17.18,15.95,1.23,7.7116,1110711.89,1926134.194
300013.SZ,20260420,3.72,3.77,3.7,3.76,3.72,0.04,1.0753,95132.24,35577.767
300014.SZ,20260420,69.81,69.85,68.5,68.96,69.85,-0.89,-1.2742,606162.88,4182532.615
300015.SZ,20260420,9.46,9.75,9.42,9.67,9.46,0.21,2.2199,847979.68,813588.209
300016.SZ,20260420,10.08,10.26,9.99,10.16,10.08,0.08,0.7937,214878.74,217932.361
300017.SZ,20260420,18.8,19.09,18.52,18.66,18.9,-0.24,-1.2698,2138085.27,4016562.862
300018.SZ,20260420,13.59,14.47,13.58,14.33,13.6,0.73,5.3676,288931.21,408544.684
300019.SZ,20260420,20.25,20.42,19.92,20.41,19.97,0.44,2.2033,124782.65,252396.314
300020.SZ,20260420,3.8,3.85,3.73,3.75,3.84,-0.09,-2.3438,168276.6,63530.885
300021.SZ,20260420,4.3,4.35,4.29,4.34,4.3,0.04,0.9302,85496.95,36983.999
300022.SZ,20260420,9.86,10.24,9.78,9.97,9.83,0.14,1.4242,281955.0,283986.992
300024.SZ,20260420,15.07,15.26,15.05,15.16,15.03,0.13,0.8649,192903.1,292174.198
300025.SZ,20260420,5.21,5.25,5.18,5.22,5.24,-0.02,-0.3817,93602.67,48702.982
300026.SZ,20260420,3.53,3.55,3.49,3.54,3.54,0.0,0.0,330189.29,116419.244
300027.SZ,20260420,2.03,2.11,1.95,1.97,2.09,-0.12,-5.7416,3175154.33,639568.821
300029.SZ,20260420,4.49,4.51,4.01,4.09,4.49,-0.4,-8.9087,95317.01,40457.344
300030.SZ,20260420,7.65,7.74,7.5,7.72,7.64,0.08,1.0471,57018.01,43686.445
300031.SZ,20260420,21.48,21.85,21.41,21.64,21.46,0.18,0.8388,61549.17,133049.184
300032.SZ,20260420,6.0,6.08,5.96,6.0,6.01,-0.01,-0.1664,319331.0,192073.893
300033.SZ,20260420,240.3,251.95,239.0,246.49,240.88,5.61,2.329,169077.65,4172877.613
300034.SZ,20260420,19.19,19.66,19.19,19.54,19.27,0.27,1.4011,150903.44,294442.918
300035.SZ,20260420,22.77,23.19,22.7,22.87,22.86,0.01,0.0437,325209.79,746329.994
300036.SZ,20260420,16.03,16.36,16.03,16.32,15.99,0.33,2.0638,129836.51,211155.414
300037.SZ,20260420,62.9,63.69,61.57,62.53,62.77,-0.24,-0.3823,212532.38,1329673.32
300039.SZ,20260420,6.01,6.02,5.96,5.99,6.0,-0.01,-0.1667,98163.8,58749.105
300040.SZ,20260420,6.7,6.9,6.69,6.89,6.72,0.17,2.5298,505964.73,344193.115
300041.SZ,20260420,11.25,11.34,11.18,11.29,11.19,0.1,0.8937,98674.11,111383.987
300042.SZ,20260420,48.76,50.86,48.55,49.22,49.12,0.1,0.2036,198154.69,980473.751
300043.SZ,20260420,5.61,5.71,5.58,5.7,5.63,0.07,1.2433,264158.2,149679.001
300044.SZ,20260420,6.56,6.56,6.01,6.23,6.68,-0.45,-6.7365,574027.61,360213.922
300045.SZ,20260420,23.1,24.15,22.94,23.97,23.1,0.87,3.7662,369029.61,875746.263
300046.SZ,20260420,31.84,32.38,31.84,32.27,31.84,0.43,1.3505,56463.57,181723.925
300047.SZ,20260420,12.31,12.42,12.26,12.34,12.31,0.03,0.2437,121134.06,149639.934
300048.SZ,20260420,6.83,7.37,6.8,7.23,6.85,0.38,5.5474,561642.16,398050.605
300049.SZ,20260420,57.4,60.4,56.59,57.78,56.98,0.8,1.404,76649.26,446723.981
300050.SZ,20260420,7.27,7.33,7.14,7.19,7.3,-0.11,-1.5068,359796.0,259807.434
300051.SZ,20260420,15.9,17.23,15.9,17.01,16.28,0.73,4.484,471193.0,786941.805
300052.SZ,20260420,13.67,14.1,13.35,13.56,14.0,-0.44,-3.1429,293727.33,401866.794
300053.SZ,20260420,18.45,19.02,18.37,19.01,18.38,0.63,3.4276,448788.77,841988.766
300054.SZ,20260420,53.26,53.92,51.8,52.52,53.0,-0.48,-0.9057,278608.74,1469396.748
300055.SZ,20260420,12.39,12.42,10.85,11.49,12.38,-0.89,-7.189,570727.73,661697.488
300056.SZ,20260420,9.29,9.48,9.11,9.45,9.22,0.23,2.4946,216291.33,202558.935
300057.SZ,20260420,7.24,7.8,7.24,7.39,7.35,0.04,0.5442,617696.38,460159.23
300058.SZ,20260420,17.93,20.69,17.65,19.53,18.0,1.53,8.5,7922450.79,15240968.143
300059.SZ,20260420,20.05,20.24,19.92,20.15,20.04,0.11,0.5489,2155679.25,4339531.102
300061.SZ,20260420,8.11,8.28,8.08,8.26,8.14,0.12,1.4742,100477.46,82742.005
300062.SZ,20260420,7.76,7.92,7.72,7.92,7.77,0.15,1.9305,196856.65,154717.748
300063.SZ,20260420,12.15,13.04,12.11,12.71,12.22,0.49,4.0098,1066866.48,1351578.161
300065.SZ,20260420,27.41,28.76,27.32,28.33,27.46,0.87,3.1682,968868.11,2729231.723
300066.SZ,20260420,6.53,6.64,6.51,6.62,6.54,0.08,1.2232,213508.54,140772.13
300068.SZ,20260420,12.58,12.76,12.53,12.65,12.72,-0.07,-0.5503,306310.2,387379.032
300069.SZ,20260420,22.6,23.36,22.4,22.86,22.85,0.01,0.0438,79231.0,181671.609
300070.SZ,20260420,4.03,4.18,4.01,4.12,4.02,0.1,2.4876,523132.33,214030.874
300071.SZ,20260420,5.01,5.24,4.99,5.13,5.05,0.08,1.5842,512455.8,263020.392
300072.SZ,20260420,4.66,4.71,4.61,4.69,4.67,0.02,0.4283,405475.95,189002.742
300073.SZ,20260420,57.49,58.36,57.32,57.96,57.84,0.12,0.2075,144465.49,836574.019
300074.SZ,20260420,4.07,4.08,4.03,4.08,4.07,0.01,0.2457,127139.55,51631.99
300075.SZ,20260420,12.69,12.88,12.63,12.86,12.7,0.16,1.2598,85216.91,109230.118
300076.SZ,20260420,4.51,4.65,4.5,4.63,4.76,-0.13,-2.7311,588465.55,268996.734
300077.SZ,20260420,21.89,22.03,21.57,21.71,21.97,-0.26,-1.1834,249190.02,543149.58
300078.SZ,20260420,3.96,3.99,3.94,3.95,3.97,-0.02,-0.5038,226140.0,89583.41
300079.SZ,20260420,5.44,5.52,5.41,5.5,5.44,0.06,1.1029,289880.48,159095.352
300080.SZ,20260420,4.65,4.7,4.61,4.66,4.65,0.01,0.2151,247863.76,115430.708
300081.SZ,20260420,3.43,3.55,3.43,3.52,3.45,0.07,2.029,363485.95,127598.5
300082.SZ,20260420,11.48,11.57,11.25,11.38,11.48,-0.1,-0.8711,197657.09,224791.234
300083.SZ,20260420,8.7,8.7,8.46,8.53,8.73,-0.2,-2.291,1194622.3,1022472.341
300084.SZ,20260420,11.26,11.46,11.06,11.14,11.23,-0.09,-0.8014,172156.04,193001.441
300085.SZ,20260420,37.88,38.73,37.83,38.19,37.88,0.31,0.8184,263482.7,1009361.085
300086.SZ,20260420,7.3,7.45,7.29,7.41,7.37,0.04,0.5427,170457.0,125729.143
300087.SZ,20260420,7.99,8.13,7.99,8.09,8.0,0.09,1.125,94513.63,76127.167
300088.SZ,20260420,7.53,7.7,7.4,7.47,7.59,-0.12,-1.581,2891643.04,2169856.556
300091.SZ,20260420,3.07,3.12,3.07,3.12,3.08,0.04,1.2987,147214.18,45650.563
300092.SZ,20260420,16.62,17.02,16.62,16.87,16.73,0.14,0.8368,61300.2,103496.177
300093.SZ,20260420,21.16,21.79,21.1,21.37,21.0,0.37,1.7619,61166.01,131354.282
300094.SZ,20260420,3.13,3.14,3.11,3.14,3.12,0.02,0.641,218150.0,68205.765
300095.SZ,20260420,9.72,9.87,9.63,9.81,9.65,0.16,1.658,68284.5,66749.563
300096.SZ,20260420,9.75,9.8,9.63,9.68,9.75,-0.07,-0.7179,47876.0,46460.8
300097.SZ,20260420,10.11,10.2,9.85,9.95,10.09,-0.14,-1.3875,193423.23,192595.943
300098.SZ,20260420,5.49,5.5,5.38,5.4,5.47,-0.07,-1.2797,450624.28,244606.105
300099.SZ,20260420,9.41,9.71,9.26,9.69,9.45,0.24,2.5397,403579.13,383926.867
300100.SZ,20260420,31.71,32.79,31.46,31.86,30.92,0.94,3.0401,189971.06,611426.564
300101.SZ,20260420,21.7,22.37,21.63,22.29,21.64,0.65,3.0037,231842.95,512744.329
300102.SZ,20260420,33.5,35.88,33.49,35.51,32.9,2.61,7.9331,1050796.43,3678323.291
300103.SZ,20260420,7.99,8.16,7.85,7.96,8.01,-0.05,-0.6242,126720.5,101240.188
300105.SZ,20260420,6.56,6.64,6.51,6.63,6.58,0.05,0.7599,62637.0,41221.891
300106.SZ,20260420,9.75,9.8,9.67,9.76,9.73,0.03,0.3083,40006.29,38994.286
300107.SZ,20260420,6.97,6.98,6.85,6.9,6.96,-0.06,-0.8621,80037.45,55160.306
300109.SZ,20260420,18.67,19.3,18.66,18.93,18.84,0.09,0.4777,136445.43,259262.556
300110.SZ,20260420,3.19,3.19,3.1,3.12,3.17,-0.05,-1.5773,378879.08,118389.935
300111.SZ,20260420,3.91,3.98,3.9,3.96,3.95,0.01,0.2532,261609.0,103341.316
300112.SZ,20260420,8.02,8.05,7.95,8.04,8.02,0.02,0.2494,51357.0,41146.659
300113.SZ,20260420,29.13,29.38,28.76,28.97,29.37,-0.4,-1.3619,514792.12,1494909.506
300115.SZ,20260420,34.39,34.87,33.9,34.58,33.89,0.69,2.036,599003.0,2059258.785
300118.SZ,20260420,16.62,17.58,16.52,17.34,16.62,0.72,4.3321,748984.56,1286412.42
300119.SZ,20260420,18.69,18.69,18.3,18.47,18.69,-0.22,-1.1771,37532.0,69315.049
300120.SZ,20260420,7.48,7.5,7.43,7.5,7.5,0.0,0.0,85602.0,63894.848
300121.SZ,20260420,12.99,13.01,12.81,12.91,12.93,-0.02,-0.1547,98973.03,127515.341
300122.SZ,20260420,15.42,15.52,15.3,15.38,15.47,-0.09,-0.5818,125034.02,192329.917
300124.SZ,20260420,66.0,66.97,65.61,66.52,65.66,0.86,1.3098,332160.49,2206315.506
300125.SZ,20260420,9.52,9.68,9.3,9.37,9.6,-0.23,-2.3958,76114.0,72036.964
300126.SZ,20260420,7.7,7.85,7.63,7.78,7.7,0.08,1.039,44932.0,34771.741
300127.SZ,20260420,30.49,31.24,30.46,31.05,30.43,0.62,2.0375,64286.0,199170.392
300128.SZ,20260420,6.14,6.29,6.11,6.22,6.1,0.12,1.9672,339604.86,210998.123
300129.SZ,20260420,12.88,13.09,12.6,13.03,13.01,0.02,0.1537,588829.04,759187.434
300130.SZ,20260420,23.59,24.08,23.58,23.91,23.84,0.07,0.2936,101259.93,241606.967
300131.SZ,20260420,16.19,16.64,15.57,16.18,15.71,0.47,2.9917,1641128.63,2649329.445
300132.SZ,20260420,8.86,8.93,8.65,8.69,8.9,-0.21,-2.3596,182049.8,159370.25
300133.SZ,20260420,7.54,8.09,7.5,8.09,7.53,0.56,7.4369,1489351.84,1170909.552
300134.SZ,20260420,11.43,11.46,11.24,11.27,11.47,-0.2,-1.7437,178949.77,203062.169
300135.SZ,20260420,3.76,3.76,3.72,3.74,3.74,0.0,0.0,137139.02,51277.31
300136.SZ,20260420,71.67,79.0,71.58,77.8,74.91,2.89,3.858,1544593.26,11696243.75
300137.SZ,20260420,15.61,15.8,14.88,15.25,15.27,-0.02,-0.131,404045.24,616535.967
300138.SZ,20260420,11.84,12.07,11.83,12.04,11.83,0.21,1.7751,73230.04,87506.904
300139.SZ,20260420,56.51,57.96,56.37,57.35,56.56,0.79,1.3967,246849.26,1414451.248
300140.SZ,20260420,6.26,6.38,6.22,6.38,6.28,0.1,1.5924,212386.25,134412.732
300141.SZ,20260420,13.53,13.68,13.31,13.63,13.56,0.07,0.5162,68129.6,92553.257
300142.SZ,20260420,12.4,12.42,12.21,12.31,12.46,-0.15,-1.2039,330986.18,408017.3
300143.SZ,20260420,12.0,12.08,11.93,12.04,12.07,-0.03,-0.2486,92553.02,111110.151
300144.SZ,20260420,7.84,7.95,7.81,7.9,7.85,0.05,0.6369,236327.96,186492.475
300145.SZ,20260420,5.18,5.35,5.12,5.24,5.19,0.05,0.9634,1037228.28,545744.75
300146.SZ,20260420,11.1,11.19,11.04,11.13,11.09,0.04,0.3607,157414.86,174893.29
300147.SZ,20260420,10.33,10.58,10.28,10.32,10.33,-0.01,-0.0968,134135.6,139346.801
300148.SZ,20260420,4.33,4.41,4.32,4.4,4.35,0.05,1.1494,235236.85,102840.562
300149.SZ,20260420,10.97,11.2,10.97,11.18,11.09,0.09,0.8115,204472.88,227229.206
300150.SZ,20260420,5.4,5.46,5.37,5.45,5.43,0.02,0.3683,76188.0,41358.371
300151.SZ,20260420,18.33,18.88,17.97,18.57,18.4,0.17,0.9239,281257.66,520348.829
300152.SZ,20260420,2.09,2.13,2.06,2.12,2.1,0.02,0.9524,135983.35,28584.511
300153.SZ,20260420,28.32,30.36,28.01,29.36,28.52,0.84,2.9453,251037.13,738709.464
300154.SZ,20260420,8.3,8.38,8.25,8.31,8.3,0.01,0.1205,55775.0,46323.546
300155.SZ,20260420,4.6,4.64,4.55,4.62,4.62,0.0,0.0,70955.0,32636.662
300157.SZ,20260420,6.3,6.41,6.26,6.38,6.32,0.06,0.9494,284359.09,180928.497
300158.SZ,20260420,6.11,6.15,6.08,6.1,6.13,-0.03,-0.4894,183339.87,111896.216
300159.SZ,20260420,3.4,3.46,3.35,3.39,3.38,0.01,0.2959,342906.61,116292.351
300160.SZ,20260420,5.43,5.44,5.36,5.42,5.43,-0.01,-0.1842,99172.0,53575.805
300161.SZ,20260420,29.25,29.38,29.0,29.35,29.38,-0.03,-0.1021,29285.31,85542.212
300162.SZ,20260420,9.67,9.96,9.61,9.88,9.68,0.2,2.0661,399649.0,392976.149
300163.SZ,20260420,4.96,4.98,4.89,4.9,4.94,-0.04,-0.8097,207787.97,102228.545
300164.SZ,20260420,13.59,13.95,13.58,13.86,13.57,0.29,2.1371,906488.0,1249081.637
300165.SZ,20260420,5.68,5.95,5.63,5.9,5.67,0.23,4.0564,318428.9,185196.647
300166.SZ,20260420,16.5,17.19,16.14,16.3,16.66,-0.36,-2.1609,1675391.98,2766453.255
300167.SZ,20260420,6.1,6.46,6.06,6.32,6.11,0.21,3.437,92041.75,58222.95
300168.SZ,20260420,5.54,5.56,5.51,5.54,5.54,0.0,0.0,105548.18,58393.124
300169.SZ,20260420,6.03,6.03,5.88,5.94,5.91,0.03,0.5076,68817.0,40851.223
300170.SZ,20260420,21.4,22.12,21.33,21.71,21.36,0.35,1.6386,638232.63,1388610.716
300171.SZ,20260420,14.85,14.88,14.68,14.73,14.85,-0.12,-0.8081,41578.0,61361.925
300172.SZ,20260420,5.28,5.37,5.27,5.36,5.3,0.06,1.1321,163746.0,87263.287
300173.SZ,20260420,4.4,4.43,4.36,4.4,4.4,0.0,0.0,80240.0,35156.178
300174.SZ,20260420,17.36,17.79,17.28,17.47,17.48,-0.01,-0.0572,132601.98,232676.576
300175.SZ,20260420,6.53,6.57,6.43,6.48,6.55,-0.07,-1.0687,54221.0,35178.725
300176.SZ,20260420,7.3,7.39,7.27,7.35,7.3,0.05,0.6849,120876.0,88738.093
300177.SZ,20260420,8.02,8.22,7.97,8.2,8.01,0.19,2.372,138246.79,111915.601
300179.SZ,20260420,25.15,26.98,25.0,26.49,25.35,1.14,4.497,569803.55,1488017.736
300180.SZ,20260420,5.92,5.95,5.89,5.9,5.94,-0.04,-0.6734,247278.22,146300.851
300181.SZ,20260420,15.65,15.76,15.52,15.63,15.57,0.06,0.3854,58128.0,90934.491
300182.SZ,20260420,5.75,5.96,5.72,5.93,5.77,0.16,2.773,1395387.73,820273.75
300183.SZ,20260420,15.49,15.78,15.35,15.59,15.49,0.1,0.6456,72881.0,113673.725
300184.SZ,20260420,13.18,13.48,12.84,12.95,12.63,0.32,2.5337,2583498.44,3379305.189
300185.SZ,20260420,3.29,3.34,3.25,3.33,3.29,0.04,1.2158,1851513.62,610949.634
300187.SZ,20260420,5.0,5.24,5.0,5.17,5.03,0.14,2.7833,147756.0,76178.599
300188.SZ,20260420,12.77,12.79,12.46,12.67,13.08,-0.41,-3.1346,239238.83,301600.743
300189.SZ,20260420,6.77,6.85,6.74,6.83,6.75,0.08,1.1852,597524.29,407456.883
300190.SZ,20260420,4.13,4.17,4.05,4.14,4.14,0.0,0.0,217108.41,89275.697
300191.SZ,20260420,38.24,39.79,37.43,39.23,38.58,0.65,1.6848,121044.96,472464.343
300192.SZ,20260420,20.35,20.52,19.93,20.03,20.49,-0.46,-2.245,113862.0,228946.54
300193.SZ,20260420,8.67,8.73,8.59,8.72,8.64,0.08,0.9259,56915.0,49347.712
300194.SZ,20260420,4.17,4.19,4.15,4.18,4.18,0.0,0.0,77293.0,32224.897
300195.SZ,20260420,7.63,7.69,7.61,7.67,7.67,0.0,0.0,58241.0,44567.235
300196.SZ,20260420,19.21,19.45,19.03,19.11,19.42,-0.31,-1.5963,181312.0,348404.794
300197.SZ,20260420,1.67,1.69,1.66,1.67,1.67,0.0,0.0,322860.43,54006.467
300198.SZ,20260420,2.58,2.58,2.53,2.54,2.58,-0.04,-1.5504,104800.2,26641.486
300199.SZ,20260420,21.0,21.98,20.95,21.69,21.25,0.44,2.0706,545224.18,1177448.35
300200.SZ,20260420,9.76,9.86,9.64,9.85,9.77,0.08,0.8188,121665.76,119029.256
300201.SZ,20260420,12.16,12.3,11.9,12.02,12.15,-0.13,-1.07,390380.74,470712.728
300203.SZ,20260420,13.78,13.99,13.71,13.82,13.78,0.04,0.2903,52988.94,73447.055
300204.SZ,20260420,30.01,30.88,29.65,30.62,30.33,0.29,0.9561,363167.02,1108645.438
300205.SZ,20260420,5.98,6.12,5.65,5.92,5.6,0.32,5.7143,110630.56,65138.488
300206.SZ,20260420,14.56,14.99,14.4,14.92,14.61,0.31,2.1218,87368.0,128449.138
300207.SZ,20260420,29.28,29.49,28.81,29.04,29.39,-0.35,-1.1909,734450.05,2132520.204
300209.SZ,20260420,13.37,13.7,12.9,13.34,13.69,-0.35,-2.5566,940312.01,1253449.56
300210.SZ,20260420,9.5,9.65,9.45,9.5,9.58,-0.08,-0.8351,95294.0,90590.633
300211.SZ,20260420,8.25,8.37,8.18,8.27,8.3,-0.03,-0.3614,25989.12,21537.024
300212.SZ,20260420,8.05,8.5,7.95,8.45,8.06,0.39,4.8387,472201.85,391822.759
300213.SZ,20260420,7.91,8.04,7.88,8.03,7.91,0.12,1.5171,95244.66,76033.979
300214.SZ,20260420,7.82,7.96,7.75,7.88,7.86,0.02,0.2545,112573.0,88523.77
300215.SZ,20260420,8.1,8.21,8.0,8.19,8.13,0.06,0.738,260644.45,211590.644
300217.SZ,20260420,5.6,5.7,5.51,5.57,5.59,-0.02,-0.3578,649501.85,362900.347
300218.SZ,20260420,14.53,14.7,14.38,14.61,14.55,0.06,0.4124,42213.99,61460.58
300219.SZ,20260420,7.78,7.89,7.75,7.78,7.81,-0.03,-0.3841,207680.75,162172.666
300220.SZ,20260420,14.14,14.42,14.1,14.29,14.17,0.12,0.8469,23126.0,32991.522
300221.SZ,20260420,11.23,11.43,11.08,11.34,11.34,0.0,0.0,210260.23,237180.411
300222.SZ,20260420,11.25,11.32,11.15,11.29,11.21,0.08,0.7136,154233.97,173362.208
300223.SZ,20260420,118.0,124.9,117.98,121.04,116.79,4.25,3.639,356257.02,4335267.764
300224.SZ,20260420,14.95,15.24,14.91,15.17,15.0,0.17,1.1333,219663.9,331883.802
300225.SZ,20260420,6.15,6.6,6.15,6.23,6.02,0.21,3.4884,311256.32,196642.878
300226.SZ,20260420,25.07,25.85,24.97,25.4,25.05,0.35,1.3972,76292.98,194146.067
300227.SZ,20260420,11.81,11.88,11.54,11.76,11.86,-0.1,-0.8432,176641.62,206743.966
300228.SZ,20260420,9.18,9.52,9.17,9.49,9.22,0.27,2.9284,332974.2,313381.347
300229.SZ,20260420,18.8,19.28,18.68,19.01,18.71,0.3,1.6034,257905.0,490914.947
300230.SZ,20260420,4.81,4.83,4.78,4.81,4.82,-0.01,-0.2075,103289.4,49653.374
300231.SZ,20260420,11.5,11.58,11.37,11.48,11.51,-0.03,-0.2606,203729.68,234017.721
300232.SZ,20260420,7.09,7.23,7.07,7.17,7.11,0.06,0.8439,263353.75,188893.521
300233.SZ,20260420,15.7,16.36,15.61,15.94,15.8,0.14,0.8861,148137.15,236629.03
300234.SZ,20260420,5.8,6.4,5.75,6.34,5.81,0.53,9.1222,320868.92,199104.716
300235.SZ,20260420,13.84,14.04,13.74,13.89,13.8,0.09,0.6522,65887.0,91800.269
300236.SZ,20260420,88.06,88.47,85.25,85.45,87.86,-2.41,-2.743,104389.43,901023.624
300237.SZ,20260420,2.33,2.34,2.31,2.32,2.34,-0.02,-0.8547,163587.83,37974.709
300238.SZ,20260420,14.99,15.6,14.88,15.34,15.0,0.34,2.2667,81571.0,125303.455
300239.SZ,20260420,5.3,5.35,5.23,5.34,5.3,0.04,0.7547,61509.0,32642.663
300240.SZ,20260420,7.03,7.11,7.0,7.07,7.03,0.04,0.569,60631.53,42756.729
300241.SZ,20260420,6.92,7.01,6.87,6.96,6.97,-0.01,-0.1435,425733.0,295089.564
300242.SZ,20260420,4.76,4.97,4.75,4.87,4.82,0.05,1.0373,210288.0,102288.63
300243.SZ,20260420,17.23,18.05,16.68,17.36,17.18,0.18,1.0477,357084.65,622659.247
300244.SZ,20260420,19.0,19.99,18.91,19.56,19.1,0.46,2.4084,263407.45,515672.261
300245.SZ,20260420,14.01,14.17,13.75,13.98,14.06,-0.08,-0.569,206366.1,287222.931
300246.SZ,20260420,16.9,17.59,16.18,17.15,16.67,0.48,2.8794,195888.24,334006.096
300247.SZ,20260420,4.58,4.61,4.55,4.56,4.59,-0.03,-0.6536,112482.0,51429.149
300248.SZ,20260420,10.47,10.64,10.42,10.55,10.49,0.06,0.572,66849.54,70632.363
300249.SZ,20260420,17.97,18.5,17.72,18.48,17.85,0.63,3.5294,500273.47,915512.482
300250.SZ,20260420,21.63,21.97,21.61,21.79,21.86,-0.07,-0.3202,46766.22,102046.941
300251.SZ,20260420,16.5,16.71,16.37,16.58,16.67,-0.09,-0.5399,839839.42,1387977.193
300252.SZ,20260420,14.6,15.22,14.5,14.99,14.25,0.74,5.193,580006.42,870053.15
300253.SZ,20260420,8.5,8.78,8.47,8.68,8.52,0.16,1.8779,582923.55,504526.304
300254.SZ,20260420,11.9,12.52,11.87,12.44,11.98,0.46,3.8397,174806.2,214485.919
300255.SZ,20260420,43.26,43.57,42.6,42.93,43.67,-0.74,-1.6945,167530.64,718690.718
300256.SZ,20260420,3.52,3.58,3.52,3.57,3.51,0.06,1.7094,249929.0,88796.57
300257.SZ,20260420,29.36,29.59,28.0,29.27,29.38,-0.11,-0.3744,145922.56,422646.692
300258.SZ,20260420,12.93,12.93,12.61,12.74,12.92,-0.18,-1.3932,175172.31,222972.054
300259.SZ,20260420,4.85,4.94,4.82,4.89,4.88,0.01,0.2049,221927.77,108127.077
300260.SZ,20260420,49.51,52.78,49.05,51.55,49.87,1.68,3.3688,214499.55,1093873.979
300261.SZ,20260420,6.11,6.26,6.05,6.21,6.11,0.1,1.6367,129034.56,79400.785
300263.SZ,20260420,10.47,10.9,10.45,10.74,10.4,0.34,3.2692,388939.55,417619.076
300264.SZ,20260420,8.7,8.88,8.52,8.55,8.72,-0.17,-1.9495,166516.0,144001.382
300265.SZ,20260420,18.89,21.5,18.88,21.38,18.77,2.61,13.9052,1122293.49,2306477.208
300266.SZ,20260420,2.41,2.43,2.4,2.42,2.41,0.01,0.4149,116329.0,28111.982
300267.SZ,20260420,3.98,4.02,3.89,3.94,4.02,-0.08,-1.99,640798.94,252016.775
300268.SZ,20260420,13.89,14.1,13.84,14.04,13.97,0.07,0.5011,9205.0,12888.648
300269.SZ,20260420,7.35,7.58,7.31,7.53,7.41,0.12,1.6194,250855.0,188276.79
300270.SZ,20260420,12.1,12.42,11.72,11.8,11.95,-0.15,-1.2552,255842.2,308398.14
300271.SZ,20260420,6.68,6.76,6.67,6.68,6.69,-0.01,-0.1495,87070.67,58373.184
300272.SZ,20260420,8.2,8.58,8.17,8.56,8.21,0.35,4.2631,289435.68,243004.718
300274.SZ,20260420,132.73,136.28,131.36,135.2,132.75,2.45,1.8456,659118.7,8881100.506
300275.SZ,20260420,11.09,11.29,11.05,11.29,11.08,0.21,1.8953,43687.4,48817.054
300276.SZ,20260420,7.21,7.25,7.14,7.21,7.23,-0.02,-0.2766,240518.66,173037.173
300277.SZ,20260420,19.3,19.84,18.87,19.53,19.43,0.1,0.5147,261776.62,508469.872
300278.SZ,20260420,4.64,4.8,4.6,4.78,4.66,0.12,2.5751,382855.63,180503.83
300279.SZ,20260420,8.64,8.78,8.61,8.68,8.64,0.04,0.463,151301.32,131398.969
300281.SZ,20260420,6.82,6.9,6.78,6.88,6.82,0.06,0.8798,44426.9,30405.712
300283.SZ,20260420,9.6,9.83,9.56,9.76,9.67,0.09,0.9307,326010.5,316588.115
300284.SZ,20260420,6.75,6.84,6.72,6.8,6.75,0.05,0.7407,108506.43,73487.577
300285.SZ,20260420,36.38,36.75,35.45,35.63,36.6,-0.97,-2.6503,454686.53,1634757.471
300286.SZ,20260420,26.16,26.39,26.0,26.31,26.15,0.16,0.6119,53371.0,139995.641
300287.SZ,20260420,4.25,4.28,4.25,4.26,4.28,-0.02,-0.4673,186330.68,79432.337
300288.SZ,20260420,12.68,12.86,12.66,12.82,12.77,0.05,0.3915,37156.0,47489.149
300289.SZ,20260420,6.65,6.79,6.61,6.74,6.65,0.09,1.3534,65185.0,43872.768
300290.SZ,20260420,15.75,15.85,15.49,15.53,15.79,-0.26,-1.6466,292786.1,456940.583
300291.SZ,20260420,6.73,6.93,6.67,6.85,6.73,0.12,1.7831,228931.0,156378.35
300292.SZ,20260420,4.97,5.17,4.97,5.09,4.96,0.13,2.621,768544.1,391997.573
300293.SZ,20260420,18.13,18.75,18.11,18.54,18.31,0.23,1.2561,69453.0,127819.084
300294.SZ,20260420,18.8,18.87,18.55,18.75,18.84,-0.09,-0.4777,36485.26,68317.783
300295.SZ,20260420,10.24,10.55,10.14,10.54,10.33,0.21,2.0329,84333.0,87273.057
300296.SZ,20260420,7.73,7.8,7.7,7.75,7.76,-0.01,-0.1289,1082152.42,838000.562
300298.SZ,20260420,15.74,15.99,15.74,15.94,15.8,0.14,0.8861,31202.38,49551.403
300299.SZ,20260420,5.91,5.98,5.88,5.98,5.91,0.07,1.1844,124639.54,74227.847
300300.SZ,20260420,13.12,13.61,13.05,13.23,12.74,0.49,3.8462,949331.45,1260065.48
300301.SZ,20260420,4.04,4.04,3.75,3.84,3.92,-0.08,-2.0408,244831.0,94387.666
300302.SZ,20260420,24.08,24.99,24.02,24.66,24.39,0.27,1.107,304689.52,743863.646
300303.SZ,20260420,9.78,10.05,9.78,9.95,10.21,-0.26,-2.5465,1636139.89,1622499.025
300304.SZ,20260420,12.97,13.06,12.67,12.8,13.05,-0.25,-1.9157,194554.29,250236.823
300305.SZ,20260420,6.33,6.33,6.21,6.29,6.31,-0.02,-0.317,58761.0,36922.158
300306.SZ,20260420,12.36,12.52,12.35,12.49,12.35,0.14,1.1336,21314.0,26562.737
300307.SZ,20260420,6.54,6.58,6.5,6.58,6.55,0.03,0.458,64352.01,42198.392
300308.SZ,20260420,849.0,878.98,840.58,850.0,851.0,-1.0,-0.1175,272631.13,23357063.772
300310.SZ,20260420,6.36,6.43,6.34,6.39,6.38,0.01,0.1567,269731.29,172117.387
300311.SZ,20260420,5.33,5.38,5.32,5.37,5.36,0.01,0.1866,60942.66,32619.567
300313.SZ,20260420,8.23,8.23,8.08,8.16,8.11,0.05,0.6165,13403.0,10901.787
300314.SZ,20260420,12.66,12.86,12.47,12.81,12.69,0.12,0.9456,32524.55,41263.424
300315.SZ,20260420,4.9,4.96,4.89,4.93,4.92,0.01,0.2033,456415.96,224872.083
300316.SZ,20260420,45.97,46.55,45.19,45.24,46.18,-0.94,-2.0355,361349.59,1655026.993
300317.SZ,20260420,4.91,5.02,4.88,5.01,4.9,0.11,2.2449,638895.06,317998.191
300318.SZ,20260420,5.71,5.72,5.61,5.63,5.7,-0.07,-1.2281,79279.48,44663.498
300319.SZ,20260420,12.5,12.65,12.42,12.44,12.55,-0.11,-0.8765,214920.53,269309.703
300320.SZ,20260420,9.7,9.7,9.53,9.64,9.62,0.02,0.2079,84903.68,81704.094
300321.SZ,20260420,35.85,36.41,35.11,35.98,35.63,0.35,0.9823,20227.58,72082.744
300322.SZ,20260420,31.86,32.98,31.36,31.51,32.08,-0.57,-1.7768,595365.2,1902323.807
300323.SZ,20260420,10.2,11.06,10.16,10.9,10.26,0.64,6.2378,1241845.41,1322886.922
300324.SZ,20260420,4.75,4.83,4.74,4.79,4.79,0.0,0.0,296721.0,142048.767
300326.SZ,20260420,6.95,6.96,6.59,6.67,6.85,-0.18,-2.6277,178537.43,120141.113
300327.SZ,20260420,25.8,27.2,25.76,26.86,25.8,1.06,4.1085,167366.9,447338.557
300328.SZ,20260420,16.82,17.04,16.61,16.67,16.73,-0.06,-0.3586,310265.13,521788.415
300329.SZ,20260420,14.9,14.9,14.61,14.61,14.97,-0.36,-2.4048,44890.0,66086.224
300331.SZ,20260420,46.8,47.65,45.6,46.67,46.68,-0.01,-0.0214,102802.97,480260.167
300332.SZ,20260420,5.65,5.72,5.62,5.69,5.62,0.07,1.2456,245317.15,139116.985
300333.SZ,20260420,9.22,9.26,9.14,9.18,9.19,-0.01,-0.1088,52456.15,48191.294
300334.SZ,20260420,7.17,7.31,7.11,7.29,7.17,0.12,1.6736,74947.0,54410.656
300335.SZ,20260420,6.76,6.8,6.6,6.73,6.63,0.1,1.5083,250431.51,167639.809
300337.SZ,20260420,14.3,14.77,14.14,14.72,14.24,0.48,3.3708,752395.64,1094679.269
300338.SZ,20260420,3.65,3.67,3.54,3.58,3.67,-0.09,-2.4523,104682.0,37623.165
300339.SZ,20260420,40.89,42.08,40.75,41.41,40.77,0.64,1.5698,238928.79,993365.005
300340.SZ,20260420,11.21,11.35,11.18,11.3,11.3,0.0,0.0,45415.4,51246.23
300341.SZ,20260420,15.17,15.42,15.1,15.29,15.09,0.2,1.3254,42560.0,65157.303
300342.SZ,20260420,57.3,66.66,57.0,63.02,57.11,5.91,10.3485,820185.38,4994407.947
300343.SZ,20260420,6.75,6.8,6.67,6.76,6.76,0.0,0.0,129274.08,86964.201
300344.SZ,20260420,0.26,0.26,0.24,0.25,0.26,-0.01,-3.8462,510278.74,12802.994
300345.SZ,20260420,6.69,6.88,6.65,6.84,6.7,0.14,2.0896,264969.48,180485.359
300346.SZ,20260420,49.51,50.75,48.8,50.59,49.5,1.09,2.202,463903.61,2315532.156
300347.SZ,20260420,57.49,59.34,57.47,58.67,57.6,1.07,1.8576,115300.65,673910.729
300348.SZ,20260420,13.71,13.94,13.65,13.74,13.82,-0.08,-0.5789,150505.49,207781.977
300349.SZ,20260420,14.17,14.9,14.13,14.6,14.18,0.42,2.9619,147529.71,214733.818
300350.SZ,20260420,5.2,5.24,5.15,5.23,5.21,0.02,0.3839,125218.0,65044.526
300351.SZ,20260420,18.99,20.15,18.77,19.81,18.94,0.87,4.5935,338360.29,660148.508
300352.SZ,20260420,7.82,7.92,7.5,7.63,7.88,-0.25,-3.1726,868181.28,666001.237
300353.SZ,20260420,20.0,20.19,19.88,19.96,20.1,-0.14,-0.6965,126281.19,252885.277
300354.SZ,20260420,37.26,38.53,36.91,38.21,37.06,1.15,3.1031,35980.4,136077.176
300355.SZ,20260420,3.76,3.77,3.74,3.77,3.77,0.0,0.0,232405.4,87327.605
300357.SZ,20260420,26.64,26.71,26.26,26.31,26.76,-0.45,-1.6816,83225.66,219640.31
300358.SZ,20260420,10.51,10.59,10.38,10.47,10.59,-0.12,-1.1331,124339.45,129900.952
300359.SZ,20260420,4.92,4.99,4.89,4.97,4.95,0.02,0.404,54995.5,27226.784
300360.SZ,20260420,16.43,16.49,16.29,16.39,16.45,-0.06,-0.3647,69560.06,114029.465
300363.SZ,20260420,21.74,22.38,21.73,22.02,21.79,0.23,1.0555,133171.84,293267.835
300364.SZ,20260420,28.31,31.0,28.31,30.3,28.58,1.72,6.0182,990154.49,2988809.253
300365.SZ,20260420,5.89,5.97,5.86,5.92,5.89,0.03,0.5093,123918.0,73306.548
300366.SZ,20260420,5.59,5.76,5.57,5.69,5.6,0.09,1.6071,90780.0,51493.354
300368.SZ,20260420,10.7,10.89,10.66,10.77,10.75,0.02,0.186,141854.0,152823.744
300369.SZ,20260420,8.21,8.27,8.11,8.21,8.19,0.02,0.2442,231843.18,190267.243
300370.SZ,20260420,2.5,2.52,2.5,2.51,2.51,0.0,0.0,159054.0,39870.39
300371.SZ,20260420,12.66,12.8,12.54,12.72,12.61,0.11,0.8723,18875.0,23974.152
300373.SZ,20260420,80.0,83.75,79.94,81.78,78.69,3.09,3.9268,188151.56,1544219.827
300374.SZ,20260420,14.05,14.16,13.94,14.13,14.05,0.08,0.5694,23728.3,33396.95
300375.SZ,20260420,4.86,4.91,4.84,4.91,4.87,0.04,0.8214,81841.0,40015.858
300376.SZ,20260420,6.43,6.48,6.36,6.42,6.43,-0.01,-0.1555,248948.26,159478.662
300377.SZ,20260420,18.08,18.45,18.04,18.25,18.04,0.21,1.1641,252056.71,460902.872
300378.SZ,20260420,40.8,42.49,40.77,42.18,40.97,1.21,2.9534,139737.62,586925.158
300380.SZ,20260420,34.6,35.21,34.6,34.97,34.76,0.21,0.6041,17019.0,59542.915
300381.SZ,20260420,6.2,6.26,6.17,6.22,6.23,-0.01,-0.1605,55878.0,34755.865
300382.SZ,20260420,12.59,12.8,12.38,12.69,12.59,0.1,0.7943,123003.1,155188.811
300383.SZ,20260420,18.15,18.15,17.56,17.81,18.17,-0.36,-1.9813,1470543.99,2622075.127
300384.SZ,20260420,15.5,15.7,15.47,15.63,15.6,0.03,0.1923,37904.0,59058.469
300385.SZ,20260420,16.8,17.16,16.01,16.51,15.93,0.58,3.6409,365574.76,607317.684
300386.SZ,20260420,14.36,14.49,14.3,14.35,14.45,-0.1,-0.692,45052.91,64793.444
300387.SZ,20260420,8.51,8.58,8.45,8.55,8.53,0.02,0.2345,63212.0,53890.462
300388.SZ,20260420,7.89,7.95,7.86,7.93,7.91,0.02,0.2528,31387.2,24825.612
300389.SZ,20260420,20.2,20.5,20.0,20.19,20.17,0.02,0.0992,84217.06,170073.021
300390.SZ,20260420,86.47,87.87,84.14,86.61,87.79,-1.18,-1.3441,618603.38,5331359.842
300393.SZ,20260420,10.02,10.77,9.76,10.71,10.0,0.71,7.1,908167.86,944226.933
300394.SZ,20260420,376.16,388.0,367.01,374.5,379.28,-4.78,-1.2603,404530.78,15195412.264
300395.SZ,20260420,111.8,114.66,110.0,110.91,112.2,-1.29,-1.1497,336117.56,3754645.652
300396.SZ,20260420,11.32,11.48,11.18,11.43,11.41,0.02,0.1753,23551.0,26660.632
300397.SZ,20260420,11.91,12.18,11.91,12.13,11.97,0.16,1.3367,130561.07,157750.804
300398.SZ,20260420,29.92,30.41,29.52,29.82,29.25,0.57,1.9487,430824.86,1289688.719
300399.SZ,20260420,21.18,21.49,20.99,21.37,21.2,0.17,0.8019,30519.3,65187.089
300400.SZ,20260420,28.29,28.99,27.4,28.11,28.57,-0.46,-1.6101,185536.0,522505.586
300401.SZ,20260420,13.69,13.82,13.33,13.39,13.8,-0.41,-2.971,217855.86,293739.737
300402.SZ,20260420,19.18,19.47,19.07,19.39,19.18,0.21,1.0949,40055.25,77507.625
300403.SZ,20260420,12.04,12.33,12.0,12.26,12.05,0.21,1.7427,102506.0,125318.271
300404.SZ,20260420,10.15,10.34,10.1,10.3,10.19,0.11,1.0795,75735.28,77717.674
300405.SZ,20260420,6.03,6.08,5.96,6.05,6.03,0.02,0.3317,57094.6,34461.953
300406.SZ,20260420,11.98,12.07,11.88,11.96,11.99,-0.03,-0.2502,28078.0,33656.95
300407.SZ,20260420,13.57,13.88,13.46,13.64,13.61,0.03,0.2204,102310.21,139632.378
300408.SZ,20260420,64.72,66.03,63.18,63.49,65.17,-1.68,-2.5779,255837.18,1647467.897
300409.SZ,20260420,26.68,26.97,26.4,26.78,26.65,0.13,0.4878,292429.8,780008.579
300410.SZ,20260420,9.79,10.02,9.6,9.87,9.81,0.06,0.6116,404226.21,397183.855
300411.SZ,20260420,10.78,11.07,10.75,10.95,10.84,0.11,1.0148,77632.0,84839.144
300412.SZ,20260420,5.29,5.45,5.25,5.38,5.2,0.18,3.4615,202781.0,108657.74
300413.SZ,20260420,20.99,21.31,20.93,21.21,21.05,0.16,0.7601,144609.8,306147.081
300414.SZ,20260420,14.3,14.64,14.3,14.57,14.29,0.28,1.9594,98975.89,143750.064
300415.SZ,20260420,24.49,24.49,23.61,23.81,24.46,-0.65,-2.6574,153690.47,366847.786
300416.SZ,20260420,18.26,18.88,18.22,18.73,18.32,0.41,2.238,214142.69,400868.451
300417.SZ,20260420,12.61,12.79,12.54,12.78,12.63,0.15,1.1876,24333.0,30893.787
300418.SZ,20260420,52.51,55.25,52.36,54.56,52.62,1.94,3.6868,692230.18,3758006.128
300419.SZ,20260420,7.37,7.37,7.13,7.18,7.35,-0.17,-2.3129,92429.0,66899.823
300420.SZ,20260420,3.69,3.71,3.65,3.69,3.69,0.0,0.0,169643.1,62437.491
300421.SZ,20260420,25.07,25.55,24.99,25.24,25.13,0.11,0.4377,88768.0,224275.339
300422.SZ,20260420,4.55,4.63,4.52,4.61,4.55,0.06,1.3187,70650.38,32375.508
300423.SZ,20260420,8.03,8.11,8.0,8.1,8.04,0.06,0.7463,101528.98,81875.815
300424.SZ,20260420,18.65,18.86,18.3,18.62,18.55,0.07,0.3774,110467.92,205674.797
300425.SZ,20260420,4.85,4.94,4.83,4.93,4.87,0.06,1.232,55864.89,27373.957
300426.SZ,20260420,7.52,7.68,7.51,7.65,7.59,0.06,0.7905,53022.5,40324.137
300427.SZ,20260420,12.24,12.73,12.23,12.68,12.38,0.3,2.4233,360055.0,451294.023
300428.SZ,20260420,21.45,21.51,21.09,21.15,21.51,-0.36,-1.6736,92681.21,196831.323
300429.SZ,20260420,14.32,14.7,14.13,14.59,14.35,0.24,1.6725,218619.92,316758.887
300430.SZ,20260420,18.07,18.28,18.0,18.18,18.09,0.09,0.4975,45440.95,82461.77
300432.SZ,20260420,26.51,26.99,25.55,25.7,26.76,-1.06,-3.9611,640653.45,1658822.284
300433.SZ,20260420,26.88,27.81,26.88,27.2,25.99,1.21,4.6556,1571331.2,4274074.651
300434.SZ,20260420,10.35,10.44,10.25,10.3,10.35,-0.05,-0.4831,56158.0,57843.523
300435.SZ,20260420,28.05,28.06,26.95,27.72,27.87,-0.15,-0.5382,170712.91,469110.536
300436.SZ,20260420,115.61,116.93,115.2,116.55,116.5,0.05,0.0429,59167.6,687636.703
300437.SZ,20260420,16.15,16.16,15.89,16.06,16.0,0.06,0.375,98752.46,158124.017
300438.SZ,20260420,67.2,68.3,66.24,67.39,68.98,-1.59,-2.305,328090.65,2198270.805
300439.SZ,20260420,9.93,9.93,9.85,9.89,9.9,-0.01,-0.101,25157.0,24863.98
300440.SZ,20260420,16.5,17.16,16.43,17.02,16.48,0.54,3.2767,137354.0,231781.864
300441.SZ,20260420,7.17,7.24,7.15,7.22,7.21,0.01,0.1387,33804.08,24341.536
300442.SZ,20260420,94.5,96.55,93.33,95.2,94.29,0.91,0.9651,534532.92,5075455.576
300443.SZ,20260420,31.0,31.18,30.46,30.81,30.96,-0.15,-0.4845,105576.86,324772.523
300444.SZ,20260420,15.21,15.98,15.14,15.92,15.29,0.63,4.1203,951392.22,1482657.752
300445.SZ,20260420,21.78,22.15,21.68,21.98,21.78,0.2,0.9183,39242.0,86100.588
300446.SZ,20260420,20.53,21.12,20.53,20.96,20.5,0.46,2.2439,197376.13,411869.616
300447.SZ,20260420,20.3,20.78,20.1,20.75,20.05,0.7,3.4913,142848.3,293944.668
300448.SZ,20260420,6.7,7.13,6.7,6.97,6.72,0.25,3.7202,315166.0,219172.396
300449.SZ,20260420,7.11,7.11,7.03,7.08,7.1,-0.02,-0.2817,51338.0,36309.596
300450.SZ,20260420,56.09,57.57,55.83,56.7,56.0,0.7,1.25,711721.83,4040938.297
300451.SZ,20260420,4.46,4.48,4.36,4.41,4.48,-0.07,-1.5625,405682.77,178768.174
300452.SZ,20260420,14.77,14.77,14.51,14.64,14.76,-0.12,-0.813,38851.0,56700.954
300453.SZ,20260420,9.31,9.4,9.24,9.35,9.34,0.01,0.1071,65366.95,60763.246
300454.SZ,20260420,112.0,115.01,110.0,112.26,113.02,-0.76,-0.6724,98111.56,1107293.546
300455.SZ,20260420,25.53,26.8,25.53,26.53,25.51,1.02,3.9984,257660.68,676876.005
300456.SZ,20260420,55.99,57.29,54.88,55.43,55.9,-0.47,-0.8408,680665.84,3805195.233
300457.SZ,20260420,28.7,29.0,28.43,28.53,28.78,-0.25,-0.8687,147953.99,423567.466
300458.SZ,20260420,38.37,39.97,38.32,39.6,38.36,1.24,3.2325,340635.8,1339177.116
300459.SZ,20260420,4.13,4.18,4.11,4.16,4.13,0.03,0.7264,665220.67,276128.288
300460.SZ,20260420,8.95,9.26,8.94,9.16,8.86,0.3,3.386,74583.2,67827.602
300461.SZ,20260420,58.75,59.48,53.76,57.8,59.02,-1.22,-2.0671,117169.35,671037.612
300462.SZ,20260420,12.8,13.02,12.7,12.91,12.89,0.02,0.1552,15078.0,19408.007
300463.SZ,20260420,10.67,10.71,10.57,10.67,10.65,0.02,0.1878,41250.82,43951.062
300464.SZ,20260420,8.11,8.31,7.98,8.31,8.13,0.18,2.214,189234.0,154560.689
300465.SZ,20260420,15.08,15.2,14.95,15.07,15.08,-0.01,-0.0663,89347.99,134756.821
300466.SZ,20260420,8.79,8.82,8.7,8.74,8.77,-0.03,-0.3421,51729.4,45255.09
300467.SZ,20260420,31.86,32.49,31.6,32.18,32.05,0.13,0.4056,34896.58,111951.743
300468.SZ,20260420,31.01,31.55,31.0,31.34,31.58,-0.24,-0.76,255309.53,799347.565
300469.SZ,20260420,56.0,56.0,54.23,55.03,56.12,-1.09,-1.9423,76931.54,421876.585
300470.SZ,20260420,36.7,36.99,36.43,36.53,36.7,-0.17,-0.4632,34652.0,126963.788
300471.SZ,20260420,13.15,13.51,13.13,13.43,13.17,0.26,1.9742,107588.87,144205.184
300472.SZ,20260420,8.0,8.29,7.93,8.25,8.0,0.25,3.125,70872.71,57981.411
300473.SZ,20260420,34.3,35.66,34.03,35.05,34.44,0.61,1.7712,68759.35,241605.462
300474.SZ,20260420,61.5,62.98,61.33,62.3,61.64,0.66,1.0707,75631.19,471753.902
300475.SZ,20260420,159.5,167.54,158.25,164.0,159.12,4.88,3.0669,402636.52,6580654.348
300476.SZ,20260420,329.0,349.79,326.9,343.0,326.42,16.58,5.0793,544757.53,18548147.671
300477.SZ,20260420,2.48,2.5,2.43,2.44,2.5,-0.06,-2.4,285812.58,70115.42
300478.SZ,20260420,27.0,30.19,26.83,30.04,26.7,3.34,12.5094,113964.3,332991.746
300479.SZ,20260420,19.34,19.51,19.26,19.31,19.34,-0.03,-0.1551,34036.64,65904.793
300480.SZ,20260420,34.68,34.68,33.71,33.94,34.69,-0.75,-2.162,149643.41,509493.86
300481.SZ,20260420,14.89,14.94,14.71,14.8,14.88,-0.08,-0.5376,63487.06,93997.106
300482.SZ,20260420,17.76,17.83,17.65,17.73,17.78,-0.05,-0.2812,35661.5,63287.605
300483.SZ,20260420,19.53,20.43,19.5,19.99,19.47,0.52,2.6708,301111.52,601128.629
300484.SZ,20260420,17.37,17.56,17.35,17.5,17.44,0.06,0.344,30054.76,52529.11
300485.SZ,20260420,11.92,12.28,11.89,12.01,11.93,0.08,0.6706,128848.0,155608.092
300486.SZ,20260420,23.94,25.11,23.51,25.02,24.06,0.96,3.99,187709.15,456087.672
300487.SZ,20260420,72.9,73.0,63.25,64.44,73.29,-8.85,-12.0753,167222.04,1097247.435
300488.SZ,20260420,30.2,30.55,29.46,29.96,30.07,-0.11,-0.3658,39314.25,117660.665
300489.SZ,20260420,70.26,81.55,69.15,76.0,70.92,5.08,7.163,216022.32,1662011.79
300490.SZ,20260420,20.55,21.88,20.37,20.5,20.45,0.05,0.2445,560534.34,1171775.229
300491.SZ,20260420,27.04,27.5,26.67,27.35,27.13,0.22,0.8109,72024.82,195727.02
300492.SZ,20260420,54.0,55.25,52.61,54.73,53.02,1.71,3.2252,39769.78,214720.635
300493.SZ,20260420,16.09,16.36,16.06,16.23,16.05,0.18,1.1215,95152.56,154633.904
300494.SZ,20260420,11.79,11.94,11.74,11.87,11.83,0.04,0.3381,84060.0,99690.531
300496.SZ,20260420,61.07,62.5,60.65,62.17,61.34,0.83,1.3531,107456.98,666287.088
300497.SZ,20260420,18.81,19.58,18.61,18.84,18.84,0.0,0.0,457892.24,866928.025
300498.SZ,20260420,17.0,17.08,16.6,16.69,16.83,-0.14,-0.8318,341265.64,571899.011
300499.SZ,20260420,43.0,47.17,42.75,44.97,42.6,2.37,5.5634,552453.74,2506517.887
300500.SZ,20260420,10.55,10.73,10.46,10.67,10.59,0.08,0.7554,37012.6,39317.054
300501.SZ,20260420,19.25,19.76,19.17,19.56,19.4,0.16,0.8247,64980.58,126717.549
300502.SZ,20260420,589.0,596.96,577.0,583.0,589.0,-6.0,-1.0187,342506.19,20041119.489
300503.SZ,20260420,59.7,62.8,58.01,62.44,59.29,3.15,5.3129,279613.48,1704489.232
300504.SZ,20260420,16.0,16.32,15.98,16.07,16.09,-0.02,-0.1243,58338.0,94198.536
300505.SZ,20260420,26.25,26.49,26.06,26.41,26.39,0.02,0.0758,144592.32,380394.956
300506.SZ,20260420,5.08,5.08,4.95,5.0,5.08,-0.08,-1.5748,97127.29,48559.633
300507.SZ,20260420,8.81,8.87,8.65,8.8,8.86,-0.06,-0.6772,168572.97,147670.576
300508.SZ,20260420,38.69,38.69,37.01,37.97,39.05,-1.08,-2.7657,36826.16,139158.372
300509.SZ,20260420,12.47,12.61,12.14,12.31,12.52,-0.21,-1.6773,94775.82,116387.431
300510.SZ,20260420,4.18,4.22,4.17,4.2,4.21,-0.01,-0.2375,134836.97,56577.99
300511.SZ,20260420,7.42,7.51,7.34,7.5,7.4,0.1,1.3514,311287.0,231317.211
300512.SZ,20260420,9.16,9.17,9.03,9.05,9.14,-0.09,-0.9847,45181.5,41099.096
300513.SZ,20260420,8.86,8.91,8.76,8.84,8.85,-0.01,-0.113,49914.26,44181.925
300514.SZ,20260420,13.18,13.42,13.13,13.38,13.19,0.19,1.4405,27406.0,36552.721
300515.SZ,20260420,18.51,18.58,18.1,18.18,18.62,-0.44,-2.3631,32428.0,59093.882
300516.SZ,20260420,62.45,64.46,61.81,63.94,62.14,1.8,2.8967,76969.53,489073.828
300517.SZ,20260420,11.91,12.4,11.77,12.2,11.92,0.28,2.349,63322.4,76767.587
300518.SZ,20260420,21.41,25.5,21.41,24.31,21.37,2.94,13.7576,287678.08,706671.577
300519.SZ,20260420,14.98,15.5,14.83,15.4,14.95,0.45,3.01,29278.0,44431.266
300520.SZ,20260420,36.91,37.3,36.55,37.14,37.2,-0.06,-0.1613,126853.64,469320.143
300521.SZ,20260420,27.07,27.75,26.8,27.35,27.15,0.2,0.7366,21680.0,59090.108
300522.SZ,20260420,13.91,14.26,13.7,13.85,13.91,-0.06,-0.4313,159977.58,223615.143
300523.SZ,20260420,21.84,22.91,21.84,22.51,21.9,0.61,2.7854,35462.47,79901.755
300525.SZ,20260420,10.41,10.7,10.38,10.52,10.43,0.09,0.8629,111152.28,117316.993
300527.SZ,20260420,8.1,8.26,8.1,8.26,8.12,0.14,1.7241,119066.42,97473.849
300528.SZ,20260420,17.25,17.3,16.94,17.06,17.41,-0.35,-2.0103,167557.0,286244.15
300529.SZ,20260420,17.58,17.69,17.47,17.58,17.55,0.03,0.1709,30960.83,54429.74
300530.SZ,20260420,25.77,25.77,24.61,24.74,25.15,-0.41,-1.6302,24568.0,61046.325
300531.SZ,20260420,20.07,20.62,19.9,20.54,20.25,0.29,1.4321,264404.73,539932.063
300532.SZ,20260420,11.91,11.98,11.81,11.87,11.91,-0.04,-0.3359,73023.6,86750.417
300533.SZ,20260420,25.22,25.54,25.12,25.48,25.33,0.15,0.5922,55814.25,141470.457
300534.SZ,20260420,9.39,9.56,9.32,9.55,9.39,0.16,1.7039,60637.5,57376.247
300535.SZ,20260420,19.77,19.77,19.36,19.67,19.68,-0.01,-0.0508,20166.42,39467.305
300536.SZ,20260420,7.95,8.83,7.9,8.59,7.99,0.6,7.5094,180576.9,153932.966
300537.SZ,20260420,22.4,23.41,22.4,23.34,22.5,0.84,3.7333,70392.25,162270.599
300538.SZ,20260420,16.25,16.25,15.93,16.05,16.22,-0.17,-1.0481,29625.83,47516.602
300539.SZ,20260420,30.43,30.92,29.88,30.57,30.61,-0.04,-0.1307,132536.22,401490.349
300540.SZ,20260420,22.3,26.64,22.26,26.64,22.2,4.44,20.0,257221.92,657019.874
300541.SZ,20260420,14.74,14.96,14.73,14.8,14.78,0.02,0.1353,83357.54,123589.321
300542.SZ,20260420,16.14,16.2,16.07,16.16,16.14,0.02,0.1239,32626.26,52642.029
300543.SZ,20260420,9.89,9.9,9.81,9.87,9.84,0.03,0.3049,40968.55,40350.476
300545.SZ,20260420,32.59,33.18,32.28,32.54,32.72,-0.18,-0.5501,62215.88,203383.547
300546.SZ,20260420,21.89,21.95,21.69,21.87,21.8,0.07,0.3211,26233.7,57341.66
300547.SZ,20260420,39.0,41.58,38.79,39.68,38.35,1.33,3.4681,285675.4,1139747.224
300548.SZ,20260420,253.5,262.49,245.97,256.38,260.05,-3.67,-1.4113,234510.98,5957872.726
300549.SZ,20260420,17.49,17.62,17.34,17.58,17.38,0.2,1.1507,14035.0,24577.548
300550.SZ,20260420,11.4,11.5,11.25,11.31,11.48,-0.17,-1.4808,78086.18,88349.905
300551.SZ,20260420,14.0,14.18,13.75,13.95,14.0,-0.05,-0.3571,86490.05,120341.528
300552.SZ,20260420,26.62,27.09,26.61,26.9,26.8,0.1,0.3731,40331.67,108381.097
300553.SZ,20260420,43.18,43.8,42.84,43.36,43.25,0.11,0.2543,22869.0,98964.569
300554.SZ,20260420,23.28,23.75,23.03,23.39,23.29,0.1,0.4294,26201.0,61297.394
300555.SZ,20260420,13.38,13.6,13.24,13.55,13.5,0.05,0.3704,39232.0,52515.274
300556.SZ,20260420,18.04,18.27,17.86,18.07,18.07,0.0,0.0,31386.51,56776.025
300557.SZ,20260420,35.92,37.18,35.68,36.87,35.6,1.27,3.5674,74796.52,274470.949
300558.SZ,20260420,44.0,44.69,43.83,44.09,44.07,0.02,0.0454,60315.22,266526.678
300559.SZ,20260420,15.1,15.36,14.68,15.23,15.08,0.15,0.9947,187646.3,283349.259
300560.SZ,20260420,16.26,16.39,16.13,16.19,16.3,-0.11,-0.6748,57556.3,93437.483
300561.SZ,20260420,17.78,18.27,17.35,18.08,18.09,-0.01,-0.0553,178872.29,317250.001
300562.SZ,20260420,13.31,14.04,13.26,14.01,13.31,0.7,5.2592,119983.61,165470.969
300563.SZ,20260420,33.2,33.87,33.2,33.55,33.16,0.39,1.1761,35588.66,119725.407
300564.SZ,20260420,14.93,15.18,14.8,15.17,14.97,0.2,1.336,19022.58,28564.167
300565.SZ,20260420,14.39,14.39,13.8,13.94,14.43,-0.49,-3.3957,258483.49,360382.704
300566.SZ,20260420,18.9,18.98,18.73,18.79,18.88,-0.09,-0.4767,38177.27,71920.599
300567.SZ,20260420,127.0,131.0,122.0,128.88,127.58,1.3,1.019,84537.54,1077491.965
300568.SZ,20260420,15.58,15.88,15.48,15.74,15.67,0.07,0.4467,508151.47,796715.145
300569.SZ,20260420,6.95,6.98,6.72,6.83,6.91,-0.08,-1.1577,531329.77,360597.774
300570.SZ,20260420,143.0,143.0,136.01,137.45,141.22,-3.77,-2.6696,292875.68,4051357.959
300571.SZ,20260420,35.98,38.96,35.98,36.77,35.71,1.06,2.9684,204443.22,763587.456
300572.SZ,20260420,28.66,29.15,28.16,28.4,28.63,-0.23,-0.8034,43987.0,125507.179
300573.SZ,20260420,67.14,67.6,66.47,67.18,67.19,-0.01,-0.0149,45571.05,304944.882
300575.SZ,20260420,6.03,6.22,5.96,6.17,6.02,0.15,2.4917,137912.49,83972.63
300576.SZ,20260420,35.98,37.06,35.88,36.98,36.06,0.92,2.5513,107491.05,392790.302
300577.SZ,20260420,18.74,19.1,18.72,19.04,18.81,0.23,1.2228,12844.98,24352.87
300578.SZ,20260420,21.7,22.15,21.52,21.87,21.84,0.03,0.1374,50845.0,111195.09
300579.SZ,20260420,26.94,27.25,26.85,26.95,26.95,0.0,0.0,23932.38,64713.834
300580.SZ,20260420,27.74,30.88,27.7,29.87,27.7,2.17,7.8339,334254.28,997779.876
300581.SZ,20260420,12.96,13.29,12.9,13.22,12.95,0.27,2.0849,137500.44,180671.27
300582.SZ,20260420,13.02,13.16,12.85,12.93,13.03,-0.1,-0.7675,68477.04,88886.668
300583.SZ,20260420,14.0,14.02,13.79,13.99,13.99,0.0,0.0,19306.0,26880.132
300584.SZ,20260420,43.55,44.2,43.28,43.6,43.83,-0.23,-0.5248,33504.0,146061.444
300585.SZ,20260420,18.17,18.68,18.06,18.22,18.18,0.04,0.22,73039.0,133659.862
300586.SZ,20260420,10.7,11.48,10.64,10.92,10.6,0.32,3.0189,444678.09,490500.622
300587.SZ,20260420,6.14,6.14,5.86,5.88,6.03,-0.15,-2.4876,347911.54,205965.811
300588.SZ,20260420,25.18,25.8,25.18,25.69,25.24,0.45,1.7829,38029.0,97209.706
300589.SZ,20260420,16.44,17.27,16.35,16.84,16.09,0.75,4.6613,363236.77,606642.027
300590.SZ,20260420,11.86,12.1,11.85,11.99,11.93,0.06,0.5029,36572.6,43859.483
300591.SZ,20260420,7.0,7.05,6.91,7.02,6.96,0.06,0.8621,89206.0,62503.353
300592.SZ,20260420,13.1,13.91,12.97,13.73,13.09,0.64,4.8892,132926.6,181458.967
300593.SZ,20260420,28.98,30.3,28.83,29.68,29.41,0.27,0.9181,302913.12,896279.122
300594.SZ,20260420,29.74,30.3,28.0,28.48,30.07,-1.59,-5.2877,63278.0,183131.687
300595.SZ,20260420,13.96,14.12,13.9,14.06,13.99,0.07,0.5004,75633.38,106034.748
300596.SZ,20260420,44.2,44.2,43.16,43.23,43.85,-0.62,-1.4139,22905.0,99807.894
300597.SZ,20260420,9.52,9.56,9.41,9.52,9.5,0.02,0.2105,35371.0,33619.208
300598.SZ,20260420,37.6,38.3,37.55,37.95,37.58,0.37,0.9846,32130.05,122286.336
300599.SZ,20260420,11.21,11.67,11.21,11.61,11.25,0.36,3.2,114411.36,131564.387
300600.SZ,20260420,12.65,13.6,12.65,13.45,12.65,0.8,6.3241,163352.32,217751.432
300601.SZ,20260420,14.07,14.09,13.93,13.94,14.07,-0.13,-0.924,88797.26,124234.856
300602.SZ,20260420,36.0,36.86,35.5,35.8,34.97,0.83,2.3735,385849.79,1394125.138
300603.SZ,20260420,12.0,12.06,11.67,11.79,12.06,-0.27,-2.2388,427088.6,504406.936
300604.SZ,20260420,150.99,155.55,150.5,151.8,150.7,1.1,0.7299,189292.79,2888571.747
300605.SZ,20260420,14.45,14.5,14.28,14.38,14.44,-0.06,-0.4155,39818.63,57216.445
300606.SZ,20260420,38.79,39.85,38.19,38.6,38.6,0.0,0.0,137712.0,536213.786
300607.SZ,20260420,26.61,26.88,26.52,26.74,26.61,0.13,0.4885,81672.8,218431.628
300608.SZ,20260420,13.13,13.13,12.83,12.93,13.1,-0.17,-1.2977,148789.5,191904.698
300609.SZ,20260420,37.25,38.85,37.0,38.58,37.23,1.35,3.6261,44010.0,167488.047
300610.SZ,20260420,11.93,12.18,11.89,12.16,11.98,0.18,1.5025,52726.0,63777.892
300611.SZ,20260420,28.26,28.53,27.77,27.83,27.74,0.09,0.3244,68102.0,191326.18
300612.SZ,20260420,15.12,15.48,15.01,15.39,15.12,0.27,1.7857,71615.91,109690.54
300613.SZ,20260420,44.69,45.07,44.37,44.54,44.69,-0.15,-0.3356,30387.44,135680.503
300614.SZ,20260420,13.05,13.18,12.94,13.09,13.08,0.01,0.0765,22857.0,29845.912
300615.SZ,20260420,13.81,14.0,13.76,13.99,13.88,0.11,0.7925,50942.7,70802.492
300616.SZ,20260420,12.1,12.3,12.02,12.28,12.12,0.16,1.3201,25703.55,31365.682
300617.SZ,20260420,60.2,65.48,60.0,65.16,60.78,4.38,7.2063,162703.95,1028446.246
300618.SZ,20260420,46.35,46.8,45.6,46.01,46.78,-0.77,-1.646,115074.35,530161.539
300619.SZ,20260420,42.98,43.62,42.35,42.65,42.61,0.04,0.0939,68989.23,296041.083
300620.SZ,20260420,250.0,262.98,244.44,250.92,251.83,-0.91,-0.3614,225666.22,5675012.143
300621.SZ,20260420,8.37,8.43,8.21,8.4,8.3,0.1,1.2048,35988.46,30047.194
300622.SZ,20260420,25.0,25.28,24.85,25.08,25.0,0.08,0.32,41135.2,103262.236
300623.SZ,20260420,29.06,30.11,29.04,29.38,28.58,0.8,2.7992,250090.03,738805.463
300624.SZ,20260420,70.86,73.8,70.56,72.52,70.85,1.67,2.3571,104359.52,757288.443
300625.SZ,20260420,11.83,11.93,11.66,11.87,11.79,0.08,0.6785,17159.0,20272.191
300626.SZ,20260420,28.39,29.07,27.66,28.75,28.2,0.55,1.9504,119722.02,341591.276
300627.SZ,20260420,34.45,35.4,34.38,35.31,34.23,1.08,3.1551,169043.53,593501.962
300628.SZ,20260420,35.67,36.1,35.4,35.93,35.67,0.26,0.7289,59171.53,212563.83
300629.SZ,20260420,25.25,26.69,25.2,26.49,25.51,0.98,3.8416,213257.83,557756.871
300631.SZ,20260420,27.7,27.7,27.25,27.47,27.56,-0.09,-0.3266,24992.0,68612.045
300632.SZ,20260420,18.28,18.37,16.06,16.52,18.66,-2.14,-11.4684,526435.56,886167.18
300633.SZ,20260420,27.89,28.76,27.85,28.15,28.19,-0.04,-0.1419,124968.82,353103.363
300634.SZ,20260420,27.41,27.98,27.26,27.47,27.66,-0.19,-0.6869,143967.08,397464.209
300635.SZ,20260420,14.01,14.03,13.57,13.8,14.09,-0.29,-2.0582,63437.2,87015.774
300636.SZ,20260420,8.0,8.09,7.95,8.04,8.05,-0.01,-0.1242,56060.5,44905.456
300637.SZ,20260420,11.88,11.88,11.72,11.85,11.87,-0.02,-0.1685,38087.5,44911.182
300638.SZ,20260420,25.79,26.48,25.7,26.32,25.79,0.53,2.0551,154381.94,404906.597
300639.SZ,20260420,6.58,6.7,6.5,6.61,6.63,-0.02,-0.3017,235390.8,155196.163
300640.SZ,20260420,6.97,7.12,6.92,7.11,6.97,0.14,2.0086,65749.5,46106.977
300641.SZ,20260420,18.76,18.85,18.65,18.7,18.86,-0.16,-0.8484,90190.44,168868.197
300642.SZ,20260420,16.8,16.96,16.71,16.86,16.83,0.03,0.1783,24420.6,41093.785
300643.SZ,20260420,18.03,18.05,17.84,17.92,18.03,-0.11,-0.6101,32887.0,58965.131
300644.SZ,20260420,30.19,30.85,30.05,30.68,30.34,0.34,1.1206,24036.0,73383.654
300645.SZ,20260420,17.02,17.23,16.86,17.12,17.02,0.1,0.5875,27326.0,46756.237
300647.SZ,20260420,6.53,6.88,6.44,6.85,6.48,0.37,5.7099,341684.5,230329.242
300648.SZ,20260420,52.64,53.08,51.18,51.79,52.61,-0.82,-1.5586,24741.35,128385.477
300649.SZ,20260420,15.49,15.73,15.45,15.68,15.48,0.2,1.292,21020.0,32810.683
300650.SZ,20260420,16.13,16.41,15.92,16.41,16.07,0.34,2.1157,83285.38,134863.326
300651.SZ,20260420,29.0,31.37,29.0,30.43,29.68,0.75,2.527,190697.17,582303.727
300652.SZ,20260420,43.75,44.8,43.03,44.22,43.54,0.68,1.5618,19557.66,86347.979
300653.SZ,20260420,18.81,18.81,18.1,18.75,19.65,-0.9,-4.5802,48368.85,89459.211
300654.SZ,20260420,10.87,11.6,10.87,11.29,10.92,0.37,3.3883,161889.0,183726.773
300655.SZ,20260420,15.41,15.74,15.26,15.62,15.35,0.27,1.759,419222.44,652748.352
300656.SZ,20260420,25.21,25.33,24.4,24.55,24.99,-0.44,-1.7607,51440.47,127249.188
300657.SZ,20260420,35.08,35.66,34.6,34.85,35.07,-0.22,-0.6273,327445.86,1149114.107
300658.SZ,20260420,22.0,23.0,21.53,21.89,21.84,0.05,0.2289,258012.55,573921.546
300659.SZ,20260420,13.09,13.21,13.0,13.12,13.02,0.1,0.768,37098.0,48648.578
300660.SZ,20260420,44.46,44.48,43.56,44.0,44.0,0.0,0.0,52087.41,229910.717
300661.SZ,20260420,78.12,79.29,77.0,77.56,77.53,0.03,0.0387,191435.47,1492936.049
300662.SZ,20260420,24.17,24.65,24.17,24.55,24.28,0.27,1.112,32141.71,78699.537
300663.SZ,20260420,13.39,13.55,13.28,13.44,13.37,0.07,0.5236,108327.16,145062.524
300664.SZ,20260420,6.22,6.33,6.16,6.22,6.19,0.03,0.4847,207837.0,129551.809
300665.SZ,20260420,7.69,7.82,7.63,7.8,7.68,0.12,1.5625,45013.2,34864.496
300666.SZ,20260420,158.84,158.85,153.28,156.96,159.42,-2.46,-1.5431,91598.3,1426685.188
300667.SZ,20260420,17.86,18.66,17.7,18.3,17.86,0.44,2.4636,107449.0,196438.42
300668.SZ,20260420,57.3,60.5,56.01,59.46,57.18,2.28,3.9874,56649.22,328587.499
300669.SZ,20260420,32.86,35.27,32.62,34.97,32.95,2.02,6.1305,29184.5,99413.284
300670.SZ,20260420,6.18,6.37,6.16,6.37,6.25,0.12,1.92,86078.0,54174.365
300671.SZ,20260420,44.8,44.94,43.82,44.55,44.5,0.05,0.1124,96791.68,428844.381
300672.SZ,20260420,165.41,167.77,160.0,165.6,166.9,-1.3,-0.7789,99559.84,1638186.406
300673.SZ,20260420,16.18,16.37,16.03,16.16,16.18,-0.02,-0.1236,30200.03,48842.119
300674.SZ,20260420,20.49,20.69,20.47,20.63,20.54,0.09,0.4382,105000.86,216224.224
300675.SZ,20260420,15.27,15.48,15.06,15.32,15.2,0.12,0.7895,24219.86,36888.764
300676.SZ,20260420,39.68,40.82,39.47,40.36,39.87,0.49,1.229,44915.75,180733.114
300677.SZ,20260420,53.57,55.35,52.76,53.88,53.53,0.35,0.6538,120503.76,650800.808
300678.SZ,20260420,28.86,29.25,28.8,29.15,28.93,0.22,0.7605,45407.98,132235.796
300679.SZ,20260420,42.78,44.66,42.55,43.16,43.14,0.02,0.0464,189905.76,824959.702
300680.SZ,20260420,40.56,41.97,39.98,41.76,40.56,1.2,2.9586,123830.32,508393.861
300681.SZ,20260420,29.48,29.99,29.16,29.42,29.58,-0.16,-0.5409,204733.11,603270.284
300682.SZ,20260420,16.13,16.29,16.0,16.1,16.13,-0.03,-0.186,166717.34,268884.53
300683.SZ,20260420,34.19,34.47,33.44,33.9,34.2,-0.3,-0.8772,67888.48,229753.247
300684.SZ,20260420,59.64,63.5,58.85,62.0,59.64,2.36,3.9571,191301.94,1182637.296
300685.SZ,20260420,22.72,22.94,22.51,22.68,22.94,-0.26,-1.1334,93464.07,212270.027
300686.SZ,20260420,18.44,18.5,17.5,17.8,18.65,-0.85,-4.5576,151108.6,269728.976
300687.SZ,20260420,20.96,22.01,20.92,21.92,21.11,0.81,3.837,170902.9,365200.329
300688.SZ,20260420,24.8,25.16,24.63,24.89,24.89,0.0,0.0,38065.1,94847.249
300689.SZ,20260420,52.08,53.66,51.68,52.97,52.08,0.89,1.7089,32910.74,174123.705
300690.SZ,20260420,32.14,32.74,31.6,32.73,32.17,0.56,1.7408,122311.21,392918.805
300691.SZ,20260420,16.73,17.04,16.62,16.91,16.73,0.18,1.0759,32650.99,55218.42
300692.SZ,20260420,8.7,9.63,8.68,9.55,8.66,0.89,10.2771,457576.02,420991.809
300693.SZ,20260420,53.01,55.18,52.45,52.54,51.28,1.26,2.4571,288917.42,1549774.22
300694.SZ,20260420,12.41,13.21,12.29,13.18,12.4,0.78,6.2903,182736.33,234719.192
300695.SZ,20260420,71.3,71.73,70.01,70.33,70.97,-0.64,-0.9018,8327.53,58972.117
300696.SZ,20260420,34.77,36.88,34.32,36.33,34.91,1.42,4.0676,195867.91,697130.589
300697.SZ,20260420,16.03,16.16,15.9,16.07,16.03,0.04,0.2495,56812.7,91218.328
300698.SZ,20260420,36.65,36.95,36.52,36.7,36.64,0.06,0.1638,18952.0,69680.688
300699.SZ,20260420,35.63,37.2,35.52,37.04,35.31,1.73,4.8995,408559.0,1501176.432
300700.SZ,20260420,15.7,16.44,15.7,16.12,15.73,0.39,2.4793,108440.18,174097.079
300701.SZ,20260420,11.92,12.02,11.85,11.9,11.97,-0.07,-0.5848,41315.62,49184.301
300702.SZ,20260420,22.44,22.52,22.22,22.28,22.53,-0.25,-1.1096,24805.8,55413.556
300703.SZ,20260420,22.01,22.1,20.9,21.13,22.46,-1.33,-5.9216,206065.55,439156.747
300705.SZ,20260420,13.93,13.99,13.83,13.85,13.93,-0.08,-0.5743,34885.2,48376.344
300706.SZ,20260420,37.15,38.58,37.11,37.9,37.71,0.19,0.5038,94225.75,357371.433
300707.SZ,20260420,16.28,16.49,16.21,16.41,16.35,0.06,0.367,46375.48,75809.512
300708.SZ,20260420,9.78,9.86,9.69,9.83,9.88,-0.05,-0.5061,460491.87,450322.345
300709.SZ,20260420,41.97,42.85,41.69,41.88,42.06,-0.18,-0.428,63118.04,266181.635
300710.SZ,20260420,30.45,31.38,30.16,31.1,30.27,0.83,2.742,33724.75,104132.397
300711.SZ,20260420,25.18,25.55,25.1,25.26,25.19,0.07,0.2779,53106.34,134441.891
300712.SZ,20260420,28.17,28.65,28.0,28.62,27.98,0.64,2.2873,30478.3,86855.504
300713.SZ,20260420,16.85,17.11,16.74,17.01,16.86,0.15,0.8897,29164.9,49428.91
300715.SZ,20260420,13.14,13.65,13.0,13.6,13.12,0.48,3.6585,61278.38,82035.75
300716.SZ,20260420,13.48,14.26,13.48,13.93,13.55,0.38,2.8044,60189.79,83901.238
300717.SZ,20260420,20.69,21.05,20.63,20.97,20.76,0.21,1.0116,18856.82,39341.235
300718.SZ,20260420,71.64,71.98,70.7,71.45,72.45,-1.0,-1.3803,44478.68,318085.433
300719.SZ,20260420,16.29,16.64,16.21,16.46,16.3,0.16,0.9816,52550.27,86197.166
300720.SZ,20260420,60.21,65.96,59.3,64.03,60.43,3.6,5.9573,117051.6,737584.054
300721.SZ,20260420,14.18,14.27,14.05,14.25,14.18,0.07,0.4937,26133.88,37046.385
300722.SZ,20260420,30.83,31.92,30.65,31.55,30.98,0.57,1.8399,53684.36,169107.772
300723.SZ,20260420,36.21,36.97,35.97,36.06,36.58,-0.52,-1.4215,101138.65,366666.984
300724.SZ,20260420,109.09,111.08,108.55,109.78,110.23,-0.45,-0.4082,136325.46,1497752.774
300725.SZ,20260420,37.89,39.22,37.8,38.68,38.06,0.62,1.629,72818.84,279592.009
300726.SZ,20260420,45.53,46.74,45.39,45.94,45.68,0.26,0.5692,62426.59,288131.956
300727.SZ,20260420,34.66,35.49,34.2,35.04,34.76,0.28,0.8055,38861.29,136162.077
300729.SZ,20260420,13.05,13.32,12.95,13.26,13.08,0.18,1.3761,37549.59,49450.927
300730.SZ,20260420,14.4,14.46,14.19,14.26,14.41,-0.15,-1.0409,70480.45,100860.058
300731.SZ,20260420,78.35,82.8,77.06,77.75,76.98,0.77,1.0003,111715.14,888874.343
300732.SZ,20260420,6.87,6.9,6.78,6.89,6.92,-0.03,-0.4335,83720.66,57309.509
300733.SZ,20260420,17.83,18.42,17.8,18.41,18.05,0.36,1.9945,59605.3,108395.383
300735.SZ,20260420,23.9,24.23,23.8,24.07,23.84,0.23,0.9648,201095.95,481605.962
300736.SZ,20260420,24.65,27.47,24.62,27.35,24.61,2.74,11.1337,231892.75,610807.599
300737.SZ,20260420,6.29,6.34,6.1,6.29,6.35,-0.06,-0.9449,246883.47,152709.917
300738.SZ,20260420,24.74,24.85,24.11,24.29,24.99,-0.7,-2.8011,967381.39,2361617.73
300739.SZ,20260420,29.71,30.21,28.81,29.02,30.13,-1.11,-3.684,370731.34,1091420.89
300740.SZ,20260420,22.66,23.6,22.6,23.46,22.77,0.69,3.0303,156768.59,364052.785
300741.SZ,20260420,17.2,17.51,17.0,17.37,17.32,0.05,0.2887,47125.75,81582.442
300743.SZ,20260420,18.23,19.77,18.17,19.1,18.2,0.9,4.9451,77943.83,149047.51
300745.SZ,20260420,27.0,27.65,26.98,27.03,27.16,-0.13,-0.4786,31224.1,85069.244
300746.SZ,20260420,13.22,13.72,13.22,13.67,13.47,0.2,1.4848,46165.86,62551.499
300747.SZ,20260420,34.8,37.43,34.58,36.6,34.85,1.75,5.0215,429527.22,1553768.732
300748.SZ,20260420,32.93,33.8,32.74,33.7,33.0,0.7,2.1212,381296.26,1271316.6
300749.SZ,20260420,25.2,26.2,25.01,25.8,25.13,0.67,2.6661,111356.0,285389.339
300750.SZ,20260420,433.0,437.9,426.01,432.5,444.2,-11.7,-2.6339,529278.21,22768028.85
300751.SZ,20260420,234.5,243.56,232.9,238.94,231.02,7.92,3.4283,100635.62,2393797.968
300752.SZ,20260420,19.57,19.57,19.07,19.33,19.38,-0.05,-0.258,60427.0,116347.482
300753.SZ,20260420,28.15,28.47,27.98,28.37,28.18,0.19,0.6742,28291.11,79972.812
300755.SZ,20260420,13.12,13.38,13.11,13.29,13.19,0.1,0.7582,29476.1,39163.906
300756.SZ,20260420,50.96,52.68,50.96,52.33,50.89,1.44,2.8296,40229.43,210156.25
300757.SZ,20260420,524.0,533.96,510.88,523.46,524.0,-0.54,-0.1031,69594.54,3629910.229
300758.SZ,20260420,13.9,14.06,13.79,13.98,13.94,0.04,0.2869,88244.24,122862.787
300759.SZ,20260420,30.46,31.08,30.3,30.59,30.47,0.12,0.3938,219517.32,673256.945
300760.SZ,20260420,156.5,159.77,154.6,158.1,156.75,1.35,0.8612,91232.93,1433529.678
300761.SZ,20260420,22.0,22.5,21.46,21.92,21.89,0.03,0.137,92491.6,201724.004
300762.SZ,20260420,39.4,41.94,39.32,41.81,39.73,2.08,5.2353,636407.87,2613925.375
300763.SZ,20260420,92.93,96.18,92.31,95.32,93.76,1.56,1.6638,166951.3,1583237.267
300765.SZ,20260420,32.7,34.86,32.58,32.87,32.87,0.0,0.0,156421.28,525370.199
300766.SZ,20260420,39.29,40.0,38.91,39.17,38.81,0.36,0.9276,390459.2,1536905.359
300767.SZ,20260420,23.99,24.52,23.19,23.56,23.35,0.21,0.8994,131700.14,311480.63
300768.SZ,20260420,17.07,17.23,16.97,17.15,17.1,0.05,0.2924,57205.0,98004.042
300769.SZ,20260420,47.7,48.58,47.21,47.89,47.91,-0.02,-0.0417,144537.09,692006.665
300770.SZ,20260420,40.05,41.25,40.05,40.62,40.25,0.37,0.9193,28713.78,116712.009
300771.SZ,20260420,13.98,14.16,13.86,14.15,13.99,0.16,1.1437,56459.8,79377.497
300772.SZ,20260420,16.4,16.82,16.14,16.5,16.46,0.04,0.243,235100.66,386998.018
300773.SZ,20260420,26.79,27.5,26.74,27.47,26.99,0.48,1.7784,789248.82,2142554.51
300774.SZ,20260420,17.56,17.74,17.17,17.41,17.63,-0.22,-1.2479,127436.84,221780.344
300775.SZ,20260420,36.99,38.34,36.5,38.06,36.99,1.07,2.8927,350177.97,1321897.524
300776.SZ,20260420,108.17,115.17,103.0,106.66,99.36,7.3,7.347,320205.22,3458802.916
300777.SZ,20260420,31.96,34.88,31.66,34.0,32.15,1.85,5.7543,359626.85,1213215.423
300778.SZ,20260420,12.88,13.06,12.73,12.86,12.89,-0.03,-0.2327,49686.06,63988.057
300779.SZ,20260420,90.11,92.69,89.5,91.11,90.5,0.61,0.674,47780.8,435047.064
300780.SZ,20260420,24.8,25.13,24.2,24.92,24.81,0.11,0.4434,119282.0,295083.683
300781.SZ,20260420,35.8,37.68,35.8,37.04,36.13,0.91,2.5187,61508.04,227489.628
300782.SZ,20260420,106.4,118.58,106.4,114.48,106.0,8.48,8.0,378052.3,4299425.788
300783.SZ,20260420,18.43,18.74,18.41,18.71,18.52,0.19,1.0259,50382.86,93962.155
300784.SZ,20260420,50.25,50.8,50.1,50.66,50.33,0.33,0.6557,3983.0,20101.819
300785.SZ,20260420,51.28,55.29,50.74,54.03,51.22,2.81,5.4861,205894.93,1104274.086
300786.SZ,20260420,14.97,15.07,14.82,15.0,15.0,0.0,0.0,36572.0,54634.201
300787.SZ,20260420,12.35,12.4,12.25,12.37,12.35,0.02,0.1619,42842.86,52848.863
300788.SZ,20260420,32.45,37.38,32.38,36.78,32.8,3.98,12.1341,139028.05,488729.972
300789.SZ,20260420,21.04,22.11,21.01,21.79,21.13,0.66,3.1235,32634.9,71083.879
300790.SZ,20260420,29.9,31.07,29.9,30.39,30.03,0.36,1.1988,183503.22,560020.96
300791.SZ,20260420,21.0,21.07,20.31,20.5,21.25,-0.75,-3.5294,36453.17,74953.853
300792.SZ,20260420,35.53,37.35,35.3,37.04,35.7,1.34,3.7535,91178.0,335640.16
300793.SZ,20260420,14.42,14.6,14.41,14.52,14.4,0.12,0.8333,45580.8,66094.324
300795.SZ,20260420,11.8,11.91,11.71,11.86,11.74,0.12,1.0221,23411.83,27701.613
300796.SZ,20260420,9.11,9.18,8.93,9.12,9.08,0.04,0.4405,53147.6,48100.509
300797.SZ,20260420,15.6,15.93,15.57,15.87,15.65,0.22,1.4058,30402.11,48004.026
300798.SZ,20260420,11.88,12.08,11.41,11.65,11.95,-0.3,-2.5105,670208.88,782089.827
300800.SZ,20260420,11.78,11.91,11.68,11.84,11.73,0.11,0.9378,32719.0,38688.78
300801.SZ,20260420,26.9,26.91,26.64,26.71,26.8,-0.09,-0.3358,34107.0,91279.221
300802.SZ,20260420,19.41,19.58,19.24,19.37,19.27,0.1,0.5189,29725.4,57702.434
300803.SZ,20260420,99.55,102.19,99.31,100.83,99.54,1.29,1.296,171720.92,1735053.693
300804.SZ,20260420,50.18,50.3,48.02,48.51,50.4,-1.89,-3.75,34265.19,167823.225
300805.SZ,20260420,10.58,10.87,10.49,10.77,10.58,0.19,1.7958,73733.6,79159.031
300806.SZ,20260420,65.27,68.97,64.0,68.38,65.27,3.11,4.7648,345971.69,2335725.222
300808.SZ,20260420,24.85,25.69,24.53,25.0,24.81,0.19,0.7658,32559.09,81747.118
300809.SZ,20260420,35.71,35.82,35.03,35.41,35.71,-0.3,-0.8401,53437.61,189085.185
300810.SZ,20260420,34.34,35.93,34.2,34.97,33.5,1.47,4.3881,48989.34,170892.492
300811.SZ,20260420,87.17,87.9,85.03,85.96,86.7,-0.74,-0.8535,75924.91,653386.591
300812.SZ,20260420,39.01,40.3,38.44,40.2,39.85,0.35,0.8783,179365.4,703817.177
300813.SZ,20260420,26.57,27.2,26.25,26.44,26.86,-0.42,-1.5637,45615.4,121020.161
300814.SZ,20260420,98.85,99.5,96.2,97.81,98.31,-0.5,-0.5086,71093.35,694763.074
300815.SZ,20260420,21.46,21.56,21.34,21.45,21.46,-0.01,-0.0466,32628.68,69985.034
300816.SZ,20260420,69.0,69.5,66.6,67.31,68.68,-1.37,-1.9948,26510.0,180331.141
300817.SZ,20260420,20.3,20.35,19.89,20.16,20.32,-0.16,-0.7874,35599.28,71612.859
300818.SZ,20260420,35.39,38.17,35.01,36.91,35.47,1.44,4.0598,42376.7,155043.596
300819.SZ,20260420,54.0,56.78,51.5,52.12,52.01,0.11,0.2115,110519.09,598745.784
300820.SZ,20260420,46.8,47.55,46.62,47.03,46.84,0.19,0.4056,25354.84,119560.96
300821.SZ,20260420,13.83,14.66,13.82,14.65,13.93,0.72,5.1687,984032.69,1412863.332
300822.SZ,20260420,14.2,14.22,14.06,14.11,14.19,-0.08,-0.5638,17768.15,25054.986
300823.SZ,20260420,16.35,16.59,16.2,16.51,16.35,0.16,0.9786,17727.2,29157.899
300824.SZ,20260420,10.26,10.39,10.22,10.39,10.3,0.09,0.8738,27880.5,28753.16
300825.SZ,20260420,8.92,9.07,8.84,8.99,9.01,-0.02,-0.222,66882.43,60183.5
300826.SZ,20260420,16.49,16.65,16.41,16.57,16.49,0.08,0.4851,17461.68,28847.037
300827.SZ,20260420,37.65,38.38,37.5,38.1,37.65,0.45,1.1952,221503.39,841942.847
300828.SZ,20260420,21.7,22.45,21.59,22.03,21.62,0.41,1.8964,78623.0,173856.707
300829.SZ,20260420,17.95,18.04,17.67,18.02,17.96,0.06,0.3341,39201.99,70172.022
300830.SZ,20260420,10.9,11.25,10.89,11.04,10.94,0.1,0.9141,130962.62,144892.235
300831.SZ,20260420,17.09,17.29,16.79,17.11,17.3,-0.19,-1.0983,132207.0,224618.477
300832.SZ,20260420,45.37,45.77,45.07,45.33,45.45,-0.12,-0.264,32180.39,146050.311
300833.SZ,20260420,34.14,35.08,33.81,35.0,34.26,0.74,2.16,18145.68,62766.39
300834.SZ,20260420,41.9,45.5,41.2,44.69,42.75,1.94,4.538,151466.87,661901.924
300835.SZ,20260420,96.0,96.87,91.1,94.7,95.9,-1.2,-1.2513,66492.84,621518.446
300836.SZ,20260420,62.32,62.69,61.68,62.57,62.32,0.25,0.4012,11856.17,73851.54
300837.SZ,20260420,37.0,37.26,36.5,37.0,36.97,0.03,0.0811,16073.0,59382.763
300838.SZ,20260420,15.29,15.52,15.2,15.39,15.25,0.14,0.918,20837.5,32027.408
300839.SZ,20260420,14.7,15.28,14.6,15.09,14.8,0.29,1.9595,99720.37,149772.934
300840.SZ,20260420,19.46,19.84,19.36,19.65,19.53,0.12,0.6144,61149.0,120079.867
300841.SZ,20260420,59.75,60.29,59.1,59.99,59.76,0.23,0.3849,16775.04,100241.614
300842.SZ,20260420,84.5,87.35,84.02,85.6,84.86,0.74,0.872,56397.1,485029.06
300843.SZ,20260420,69.17,69.99,67.44,68.64,69.17,-0.53,-0.7662,80472.0,552683.189
300844.SZ,20260420,34.33,35.89,34.17,35.35,34.48,0.87,2.5232,10294.2,36304.858
300845.SZ,20260420,13.76,13.89,13.32,13.59,13.7,-0.11,-0.8029,129164.37,175601.819
300846.SZ,20260420,30.83,31.13,30.16,30.44,30.8,-0.36,-1.1688,366789.48,1119945.636
300847.SZ,20260420,15.66,16.19,15.66,16.0,15.72,0.28,1.7812,47934.42,76388.707
300848.SZ,20260420,15.0,16.76,14.91,16.3,14.99,1.31,8.7392,186795.28,299995.624
300849.SZ,20260420,20.25,22.18,20.0,22.02,20.24,1.78,8.7945,54646.5,116464.358
300850.SZ,20260420,42.2,42.24,41.32,41.63,42.57,-0.94,-2.2081,175824.74,733156.314
300851.SZ,20260420,29.15,29.42,28.87,29.28,29.05,0.23,0.7917,7506.0,21922.71
300852.SZ,20260420,44.16,44.43,43.31,43.63,44.07,-0.44,-0.9984,44985.36,197261.11
300853.SZ,20260420,24.35,25.33,24.03,25.22,24.47,0.75,3.065,80848.0,200648.945
300854.SZ,20260420,28.0,28.73,27.19,28.52,28.0,0.52,1.8571,64229.38,179635.565
300855.SZ,20260420,44.41,44.5,40.0,42.1,45.74,-3.64,-7.958,178013.2,745455.526
300856.SZ,20260420,12.59,12.72,12.45,12.7,12.53,0.17,1.3567,28078.43,35467.89
300857.SZ,20260420,308.0,312.66,302.0,307.99,316.9,-8.91,-2.8116,248545.76,7615468.724
300858.SZ,20260420,24.4,24.98,22.91,23.24,25.45,-2.21,-8.6837,345105.43,812392.086
300859.SZ,20260420,33.65,34.02,33.25,33.74,33.88,-0.14,-0.4132,50768.7,170759.601
300860.SZ,20260420,23.98,24.36,23.85,24.2,24.06,0.14,0.5819,13957.64,33623.835
300861.SZ,20260420,17.24,17.71,17.13,17.28,17.26,0.02,0.1159,122227.79,211620.325
300862.SZ,20260420,22.77,23.12,22.57,22.89,22.78,0.11,0.4829,29049.87,66352.345
300863.SZ,20260420,60.03,61.34,58.39,58.81,59.72,-0.91,-1.5238,36880.09,217855.813
300864.SZ,20260420,20.51,20.81,20.49,20.81,20.62,0.19,0.9214,8225.35,17010.514
300865.SZ,20260420,27.74,27.99,27.45,27.53,27.77,-0.24,-0.8642,19474.54,53763.802
300866.SZ,20260420,117.57,119.85,115.8,117.01,117.35,-0.34,-0.2897,64302.79,754371.979
300867.SZ,20260420,20.28,21.4,19.98,21.06,20.28,0.78,3.8462,124153.42,261587.292
300868.SZ,20260420,78.15,81.0,76.9,78.41,76.62,1.79,2.3362,53959.18,425082.317
300869.SZ,20260420,13.11,13.17,12.95,13.14,13.09,0.05,0.382,32638.29,42682.674
300870.SZ,20260420,362.0,403.97,360.4,386.0,358.88,27.12,7.5568,79556.28,3051138.221
300871.SZ,20260420,28.77,28.77,27.29,27.92,28.16,-0.24,-0.8523,134084.69,371486.152
300872.SZ,20260420,16.68,17.08,16.56,16.81,16.69,0.12,0.719,81697.63,137795.298
300873.SZ,20260420,23.24,23.42,22.85,22.95,23.24,-0.29,-1.2478,21979.97,50641.123
300875.SZ,20260420,40.51,41.45,40.51,41.45,40.5,0.95,2.3457,44827.55,184354.918
300876.SZ,20260420,26.86,27.3,26.5,27.16,26.77,0.39,1.4569,24366.72,65726.481
300877.SZ,20260420,27.82,29.14,27.78,28.17,27.81,0.36,1.2945,23329.5,66335.449
300878.SZ,20260420,27.0,27.57,26.38,27.28,26.71,0.57,2.134,24240.8,65470.322
300879.SZ,20260420,25.29,25.8,24.83,25.77,25.43,0.34,1.337,48533.0,122991.604
300880.SZ,20260420,22.75,22.9,22.48,22.81,22.77,0.04,0.1757,82018.63,186365.838
300881.SZ,20260420,47.55,50.54,46.9,49.42,48.12,1.3,2.7016,32723.6,161709.493
300882.SZ,20260420,22.42,22.85,22.32,22.77,22.39,0.38,1.6972,44136.58,99996.393
300883.SZ,20260420,6.65,6.79,6.63,6.77,6.7,0.07,1.0448,123306.99,82802.385
300884.SZ,20260420,13.5,13.66,13.42,13.54,13.5,0.04,0.2963,54376.83,73570.162
300885.SZ,20260420,25.12,25.32,24.75,25.16,24.99,0.17,0.6803,73790.72,184670.301
300886.SZ,20260420,29.03,29.88,28.73,29.57,29.01,0.56,1.9304,19327.73,56841.301
300887.SZ,20260420,9.97,10.14,9.96,10.1,9.97,0.13,1.3039,114787.73,115476.123
300888.SZ,20260420,33.56,34.41,33.51,33.84,33.47,0.37,1.1055,46124.86,156777.187
300889.SZ,20260420,26.33,26.5,25.83,25.99,26.31,-0.32,-1.2163,47121.78,123003.209
300890.SZ,20260420,32.55,32.94,32.35,32.81,33.01,-0.2,-0.6059,61285.44,199477.787
300891.SZ,20260420,8.48,8.69,8.4,8.59,8.44,0.15,1.7773,81386.8,69718.428
300892.SZ,20260420,28.47,28.47,27.89,28.39,28.47,-0.08,-0.281,15902.0,44880.316
300893.SZ,20260420,23.26,23.63,22.92,23.5,23.28,0.22,0.945,30451.4,71315.298
300894.SZ,20260420,9.91,9.99,9.82,9.87,9.92,-0.05,-0.504,29770.97,29534.686
300895.SZ,20260420,62.6,67.0,62.51,64.03,61.95,2.08,3.3575,151633.07,977031.265
300896.SZ,20260420,114.04,116.21,113.6,114.91,114.55,0.36,0.3143,17541.72,201424.12
300897.SZ,20260420,26.09,26.4,25.91,26.26,25.91,0.35,1.3508,13902.36,36381.153
300898.SZ,20260420,24.26,24.26,23.86,24.07,24.32,-0.25,-1.028,46228.42,110906.237
300899.SZ,20260420,39.81,40.79,39.34,40.6,39.85,0.75,1.8821,6242.0,25193.331
300900.SZ,20260420,44.93,52.0,44.5,50.2,45.01,5.19,11.5308,720680.61,3537232.641
300901.SZ,20260420,14.39,15.05,13.88,14.45,14.38,0.07,0.4868,109247.94,157202.022
300902.SZ,20260420,18.18,18.7,17.99,18.7,18.47,0.23,1.2453,72653.39,133970.058
300903.SZ,20260420,39.3,39.32,37.41,37.57,39.3,-1.73,-4.402,264077.81,1008702.13
300904.SZ,20260420,59.74,61.06,59.05,60.77,60.0,0.77,1.2833,9008.65,54148.626
300905.SZ,20260420,63.01,64.2,54.5,55.11,55.58,-0.47,-0.8456,384466.77,2234760.685
300906.SZ,20260420,33.45,37.98,32.98,36.1,33.26,2.84,8.5388,70814.92,255073.705
300907.SZ,20260420,29.14,29.23,28.59,28.91,29.1,-0.19,-0.6529,16848.98,48477.143
300908.SZ,20260420,29.15,29.25,28.8,29.12,29.13,-0.01,-0.0343,14152.26,41082.862
300909.SZ,20260420,42.15,42.49,41.0,41.09,42.15,-1.06,-2.5148,34405.0,143112.088
300910.SZ,20260420,46.49,46.74,45.6,46.46,46.67,-0.21,-0.45,44532.7,205683.723
300911.SZ,20260420,34.01,34.3,32.5,32.7,33.89,-1.19,-3.5114,66571.31,220787.796
300912.SZ,20260420,27.64,28.28,26.92,27.21,27.87,-0.66,-2.3681,91893.62,250995.042
300913.SZ,20260420,54.91,55.95,54.5,54.8,55.06,-0.26,-0.4722,64170.95,353468.267
300915.SZ,20260420,22.85,23.48,22.71,23.45,22.88,0.57,2.4913,11892.3,27651.886
300916.SZ,20260420,31.44,31.85,31.24,31.38,31.28,0.1,0.3197,19939.76,62647.462
300917.SZ,20260420,33.02,33.34,32.66,33.24,33.62,-0.38,-1.1303,49643.27,164226.427
300918.SZ,20260420,14.95,15.31,14.74,15.07,15.16,-0.09,-0.5937,146161.68,219340.437
300919.SZ,20260420,57.94,57.94,56.38,56.64,57.94,-1.3,-2.2437,195459.34,1111176.156
300920.SZ,20260420,39.97,40.77,39.6,39.9,39.98,-0.08,-0.2001,11429.01,45907.702
300921.SZ,20260420,26.12,26.5,25.9,26.12,26.3,-0.18,-0.6844,69960.94,183444.75
300922.SZ,20260420,19.95,20.13,19.85,20.12,19.96,0.16,0.8016,34599.18,69220.357
300923.SZ,20260420,27.73,27.91,27.37,27.8,27.61,0.19,0.6882,12554.99,34807.713
300925.SZ,20260420,19.43,20.05,19.11,19.36,18.48,0.88,4.7619,264378.56,518256.489
300926.SZ,20260420,25.69,25.75,25.18,25.19,25.7,-0.51,-1.9844,51399.85,130588.824
300927.SZ,20260420,29.34,30.96,29.15,30.95,29.67,1.28,4.3141,71314.7,216256.592
300928.SZ,20260420,30.25,30.34,29.92,30.02,30.3,-0.28,-0.9241,11033.05,33174.144
300929.SZ,20260420,12.51,12.63,12.31,12.59,12.45,0.14,1.1245,27739.19,34617.701
300930.SZ,20260420,30.56,30.56,30.0,30.21,30.39,-0.18,-0.5923,10220.0,30896.627
300931.SZ,20260420,13.15,13.31,12.96,13.17,13.14,0.03,0.2283,62403.0,81802.766
300932.SZ,20260420,14.34,14.36,14.09,14.25,14.33,-0.08,-0.5583,121592.6,172325.731
300933.SZ,20260420,7.96,8.15,7.91,8.12,7.96,0.16,2.0101,126201.48,101641.96
300935.SZ,20260420,33.21,33.54,31.66,31.88,33.27,-1.39,-4.1779,31404.6,100726.158
300936.SZ,20260420,75.04,75.11,72.28,72.91,74.25,-1.34,-1.8047,47536.32,348495.337
300937.SZ,20260420,30.18,30.48,29.81,30.47,30.18,0.29,0.9609,22791.56,68786.354
300938.SZ,20260420,49.49,51.6,48.13,49.06,49.24,-0.18,-0.3656,323304.21,1602551.607
300939.SZ,20260420,40.31,41.49,40.31,40.84,40.41,0.43,1.0641,53503.13,219164.087
300940.SZ,20260420,23.73,23.8,23.55,23.58,23.7,-0.12,-0.5063,35052.91,82861.071
300941.SZ,20260420,20.22,20.26,20.1,20.19,20.12,0.07,0.3479,20923.0,42245.029
300942.SZ,20260420,8.39,8.44,8.3,8.39,8.38,0.01,0.1193,45556.95,38134.046
300943.SZ,20260420,30.66,31.0,30.27,30.67,30.78,-0.11,-0.3574,109569.41,335745.026
300945.SZ,20260420,15.66,16.05,15.61,15.92,15.7,0.22,1.4013,70754.77,112226.141
300946.SZ,20260420,46.91,47.49,45.76,47.01,46.67,0.34,0.7285,11075.66,52094.572
300947.SZ,20260420,17.15,17.56,16.83,17.34,17.09,0.25,1.4628,36198.1,62428.187
300948.SZ,20260420,19.35,20.57,19.01,20.15,19.3,0.85,4.4041,66204.57,132946.929
300949.SZ,20260420,39.05,39.11,38.51,38.79,39.05,-0.26,-0.6658,6102.02,23651.469
300950.SZ,20260420,21.81,21.98,21.52,21.82,21.71,0.11,0.5067,17948.02,39134.359
300951.SZ,20260420,37.21,37.6,36.62,36.72,37.21,-0.49,-1.3169,20421.7,75552.988
300952.SZ,20260420,38.5,38.8,37.29,37.33,39.23,-1.9,-4.8432,84641.33,320983.568
300953.SZ,20260420,209.99,211.88,203.18,205.48,208.47,-2.99,-1.4343,71413.69,1472817.568
300955.SZ,20260420,37.73,39.88,37.7,39.82,38.39,1.43,3.7249,30304.76,118622.144
300956.SZ,20260420,15.38,15.45,15.25,15.43,15.38,0.05,0.3251,29548.44,45348.763
300957.SZ,20260420,36.66,37.07,36.51,36.87,36.78,0.09,0.2447,48675.0,178982.791
300958.SZ,20260420,13.25,13.42,13.12,13.39,13.22,0.17,1.2859,26467.0,35188.167
300959.SZ,20260420,87.17,87.5,83.65,87.01,87.4,-0.39,-0.4462,48402.46,412994.07
300960.SZ,20260420,24.1,24.19,23.74,23.85,23.98,-0.13,-0.5421,18825.0,44955.671
300961.SZ,20260420,13.69,13.69,13.2,13.46,13.44,0.02,0.1488,70808.28,94932.859
300962.SZ,20260420,16.19,16.47,16.1,16.42,16.15,0.27,1.6718,22213.0,36268.441
300963.SZ,20260420,17.32,17.59,17.32,17.5,17.43,0.07,0.4016,72061.8,125993.298
300964.SZ,20260420,76.11,76.66,74.7,75.41,77.5,-2.09,-2.6968,58479.16,441472.489
300965.SZ,20260420,56.41,56.85,56.02,56.63,56.0,0.63,1.125,5964.0,33678.615
300966.SZ,20260420,21.39,22.05,21.39,21.78,21.7,0.08,0.3687,18276.0,39870.505
300967.SZ,20260420,17.9,17.99,17.6,17.86,17.84,0.02,0.1121,54104.77,96028.402
300968.SZ,20260420,12.13,12.22,12.03,12.06,12.14,-0.08,-0.659,35414.0,42872.739
300969.SZ,20260420,133.15,134.94,130.6,130.9,132.47,-1.57,-1.1852,19353.49,256490.655
300970.SZ,20260420,32.7,33.79,32.02,33.46,32.64,0.82,2.5123,72282.29,238819.773
300971.SZ,20260420,23.71,24.02,23.52,24.01,23.79,0.22,0.9248,23831.05,56693.896
300972.SZ,20260420,203.64,210.7,202.31,206.38,203.65,2.73,1.3405,16450.0,339923.579
300973.SZ,20260420,33.45,34.25,33.32,34.05,33.6,0.45,1.3393,23403.0,79307.451
300975.SZ,20260420,20.55,20.67,20.15,20.45,20.38,0.07,0.3435,309747.29,633250.138
300976.SZ,20260420,59.73,60.65,59.7,60.02,59.96,0.06,0.1001,13054.76,78456.22
300977.SZ,20260420,19.73,19.93,19.48,19.75,19.75,0.0,0.0,18914.0,37173.714
300978.SZ,20260420,11.27,11.3,11.19,11.24,11.27,-0.03,-0.2662,21243.9,23910.611
300979.SZ,20260420,42.88,43.47,42.8,43.18,42.88,0.3,0.6996,14665.68,63339.007
300980.SZ,20260420,36.32,36.75,35.6,36.65,36.44,0.21,0.5763,56688.19,205243.885
300981.SZ,20260420,13.38,13.48,13.31,13.4,13.45,-0.05,-0.3717,60901.61,81529.906
300982.SZ,20260420,22.57,22.61,21.7,21.74,22.54,-0.8,-3.5492,64098.6,140296.984
300983.SZ,20260420,30.09,31.01,30.09,30.62,30.09,0.53,1.7614,9724.09,29757.247
300984.SZ,20260420,59.0,62.06,58.72,61.05,59.02,2.03,3.4395,31243.1,189603.56
300985.SZ,20260420,22.14,23.08,22.0,22.95,22.13,0.82,3.7054,36253.17,81571.224
300986.SZ,20260420,24.8,25.59,24.32,25.36,24.76,0.6,2.4233,330229.02,831591.898
300987.SZ,20260420,17.5,17.92,17.45,17.9,17.49,0.41,2.3442,38160.58,67798.189
300988.SZ,20260420,27.88,28.49,27.57,28.05,28.07,-0.02,-0.0713,30532.22,85739.422
300989.SZ,20260420,14.8,15.16,14.66,15.12,14.85,0.27,1.8182,44054.84,66069.322
300990.SZ,20260420,88.58,94.81,88.11,92.54,87.77,4.77,5.4347,85022.6,786364.938
300991.SZ,20260420,53.6,55.35,52.5,52.95,55.61,-2.66,-4.7833,78428.0,420581.596
300992.SZ,20260420,31.78,33.78,31.78,33.35,31.77,1.58,4.9732,70576.37,233503.108
300993.SZ,20260420,12.48,12.61,12.39,12.53,12.41,0.12,0.967,21183.43,26558.913
300994.SZ,20260420,15.11,15.34,15.07,15.16,15.17,-0.01,-0.0659,25945.69,39436.776
300995.SZ,20260420,36.0,36.0,35.51,35.71,36.02,-0.31,-0.8606,13077.38,46643.487
300996.SZ,20260420,17.59,18.0,17.5,17.81,17.64,0.17,0.9637,87648.08,155559.926
300997.SZ,20260420,20.8,21.12,20.21,20.83,21.16,-0.33,-1.5595,104894.13,216998.334
300998.SZ,20260420,25.4,26.56,25.15,26.14,25.45,0.69,2.7112,43030.0,111762.821
300999.SZ,20260420,28.37,28.45,28.19,28.24,28.36,-0.12,-0.4231,82043.27,231708.981
301000.SZ,20260420,30.63,30.65,30.15,30.32,30.49,-0.17,-0.5576,27707.91,84083.482
301001.SZ,20260420,28.73,29.82,28.56,29.44,28.72,0.72,2.507,16081.0,47256.738
301002.SZ,20260420,43.68,46.58,43.33,43.76,43.45,0.31,0.7135,78228.17,346491.98
301003.SZ,20260420,53.0,53.15,51.22,52.1,52.4,-0.3,-0.5725,23285.24,121529.242
301004.SZ,20260420,50.43,50.66,49.79,50.26,50.48,-0.22,-0.4358,5749.0,28893.941
301005.SZ,20260420,169.01,182.2,167.0,178.25,168.0,10.25,6.1012,152877.88,2676476.033
301006.SZ,20260420,17.64,17.74,17.43,17.64,17.63,0.01,0.0567,13157.03,23127.09
301007.SZ,20260420,35.24,35.43,34.56,35.35,35.23,0.12,0.3406,29119.0,101634.063
301008.SZ,20260420,35.0,35.5,34.06,34.73,37.36,-2.63,-7.0396,132930.49,462831.235
301009.SZ,20260420,11.76,11.88,11.65,11.87,11.78,0.09,0.764,19928.0,23448.471
301010.SZ,20260420,21.46,21.68,21.17,21.61,21.48,0.13,0.6052,16459.0,35328.354
301011.SZ,20260420,22.2,23.18,22.17,22.59,22.13,0.46,2.0786,35092.87,80046.71
301012.SZ,20260420,33.98,36.77,33.5,35.77,33.98,1.79,5.2678,286295.83,1003040.852
301013.SZ,20260420,25.56,25.9,24.91,25.13,25.28,-0.15,-0.5934,170206.96,430748.345
301015.SZ,20260420,26.65,28.77,25.81,26.61,26.53,0.08,0.3015,244348.94,657324.339
301016.SZ,20260420,23.97,24.2,23.55,23.98,23.94,0.04,0.1671,27791.3,66434.616
301017.SZ,20260420,15.31,15.46,15.15,15.41,15.34,0.07,0.4563,138108.43,211527.275
301018.SZ,20260420,124.0,136.01,122.01,126.96,120.45,6.51,5.4047,215082.93,2777113.373
301019.SZ,20260420,21.52,21.83,21.2,21.71,21.54,0.17,0.7892,20342.76,43778.199
301020.SZ,20260420,21.71,21.87,21.68,21.8,21.77,0.03,0.1378,7693.0,16743.582
301021.SZ,20260420,61.45,64.33,60.65,62.83,60.83,2.0,3.2879,65330.78,409528.757
301023.SZ,20260420,41.06,41.65,40.9,41.47,41.17,0.3,0.7287,10166.69,42006.105
301024.SZ,20260420,39.02,40.73,38.21,40.66,39.03,1.63,4.1763,15061.5,59512.694
301025.SZ,20260420,10.91,11.25,10.89,11.2,10.93,0.27,2.4703,74095.6,82690.108
301026.SZ,20260420,30.11,30.63,30.05,30.38,30.35,0.03,0.0988,30756.6,93385.454
301027.SZ,20260420,22.96,23.4,22.73,23.13,22.97,0.16,0.6966,51377.0,118763.188
301028.SZ,20260420,14.75,14.75,14.56,14.64,14.67,-0.03,-0.2045,20381.0,29818.629
301029.SZ,20260420,27.85,28.98,27.66,28.36,27.85,0.51,1.8312,120607.78,342628.727
301030.SZ,20260420,12.25,12.67,11.58,12.37,11.92,0.45,3.7752,164444.53,200084.603
301031.SZ,20260420,147.09,149.94,145.42,148.7,146.95,1.75,1.1909,17933.33,266049.648
301032.SZ,20260420,13.12,13.48,13.02,13.38,13.15,0.23,1.749,41952.22,55849.527
301033.SZ,20260420,58.28,58.81,57.94,58.17,58.63,-0.46,-0.7846,9366.27,54650.417
301035.SZ,20260420,76.67,77.2,75.4,76.2,76.44,-0.24,-0.314,11063.0,84319.335
301036.SZ,20260420,28.63,28.91,28.39,28.8,28.67,0.13,0.4534,10479.3,30064.222
301037.SZ,20260420,15.0,15.13,14.78,15.06,15.01,0.05,0.3331,14895.48,22317.053
301038.SZ,20260420,20.99,21.13,20.77,21.09,20.94,0.15,0.7163,19057.28,40022.802
301039.SZ,20260420,9.0,9.19,8.98,9.16,9.01,0.15,1.6648,130348.46,119141.316
301040.SZ,20260420,33.85,34.02,33.01,33.62,33.96,-0.34,-1.0012,50894.0,169979.664
301041.SZ,20260420,29.6,30.1,29.0,30.06,29.98,0.08,0.2668,71865.17,212551.174
301042.SZ,20260420,95.8,95.87,93.7,95.65,95.31,0.34,0.3567,7956.02,75709.15
301043.SZ,20260420,54.81,55.01,53.08,53.71,54.81,-1.1,-2.0069,11386.0,61201.512
301045.SZ,20260420,41.33,43.66,40.9,42.5,41.37,1.13,2.7314,39580.55,168196.997
301046.SZ,20260420,26.95,27.04,26.51,26.68,26.84,-0.16,-0.5961,21834.57,58345.771
301047.SZ,20260420,75.0,75.44,74.03,74.15,75.25,-1.1,-1.4618,9147.91,68211.783
301048.SZ,20260420,10.92,11.1,10.81,11.1,10.93,0.17,1.5554,111397.89,122262.63
301049.SZ,20260420,22.55,22.8,22.24,22.75,22.34,0.41,1.8353,10348.71,23384.096
301050.SZ,20260420,50.08,51.28,49.85,50.93,49.81,1.12,2.2485,77696.36,394157.704
301051.SZ,20260420,22.42,23.12,22.21,22.69,22.35,0.34,1.5213,27699.04,62723.085
301052.SZ,20260420,33.76,35.34,33.5,35.19,33.68,1.51,4.4834,59451.18,206455.015
301053.SZ,20260420,63.0,65.0,60.88,63.63,64.5,-0.87,-1.3488,133971.33,844616.341
301055.SZ,20260420,34.25,34.6,30.08,31.25,34.94,-3.69,-10.561,170034.5,540831.526
301056.SZ,20260420,16.24,16.68,15.68,15.82,16.53,-0.71,-4.2952,86185.1,138570.238
301057.SZ,20260420,32.16,32.6,31.29,32.43,32.13,0.3,0.9337,11655.18,37620.466
301058.SZ,20260420,9.92,10.04,9.88,10.03,9.92,0.11,1.1089,44896.98,44771.632
301059.SZ,20260420,14.24,14.4,14.14,14.39,14.24,0.15,1.0534,23102.9,32976.372
301060.SZ,20260420,9.72,9.84,9.63,9.81,9.74,0.07,0.7187,39756.0,38777.965
301061.SZ,20260420,73.72,75.09,71.21,74.48,73.67,0.81,1.0995,14570.0,107412.544
301062.SZ,20260420,8.14,8.24,8.13,8.16,8.17,-0.01,-0.1224,34407.48,28109.306
301063.SZ,20260420,25.06,26.24,24.85,25.58,25.16,0.42,1.6693,34478.77,88553.931
301065.SZ,20260420,23.14,23.96,22.91,23.76,23.02,0.74,3.2146,21110.5,49676.383
301066.SZ,20260420,14.21,15.09,14.21,14.64,14.28,0.36,2.521,99509.77,146242.739
301067.SZ,20260420,34.23,34.5,33.73,33.82,34.23,-0.41,-1.1978,14674.0,49932.612
301068.SZ,20260420,38.99,39.0,35.81,37.38,38.7,-1.32,-3.4109,31386.44,118066.324
301069.SZ,20260420,21.81,22.32,21.81,22.06,21.88,0.18,0.8227,62790.93,138713.087
301070.SZ,20260420,97.0,98.97,92.84,93.13,95.58,-2.45,-2.5633,73403.86,702309.396
301071.SZ,20260420,46.82,52.79,46.5,49.86,46.63,3.23,6.9269,257143.24,1287876.684
301072.SZ,20260420,22.57,22.9,22.38,22.83,22.64,0.19,0.8392,10625.82,24096.912
301073.SZ,20260420,26.6,26.94,25.89,26.19,26.64,-0.45,-1.6892,100674.26,264099.512
301075.SZ,20260420,75.99,82.76,75.64,81.6,76.53,5.07,6.6249,48296.5,382133.718
301076.SZ,20260420,39.0,39.59,39.0,39.24,38.88,0.36,0.9259,35243.07,138302.555
301077.SZ,20260420,28.63,32.3,28.02,31.63,28.83,2.8,9.7121,113214.94,348043.443
301078.SZ,20260420,8.87,8.92,8.79,8.91,8.87,0.04,0.451,204312.37,181080.601
301079.SZ,20260420,49.9,51.92,49.06,51.13,50.53,0.6,1.1874,195933.67,993422.532
301080.SZ,20260420,47.89,48.7,47.33,47.5,48.06,-0.56,-1.1652,35635.37,170141.213
301081.SZ,20260420,15.03,17.17,15.03,16.62,15.17,1.45,9.5583,166773.3,275714.64
301082.SZ,20260420,18.26,18.48,18.14,18.42,18.23,0.19,1.0422,47613.2,87332.488
301083.SZ,20260420,17.51,17.61,17.24,17.38,17.5,-0.12,-0.6857,15822.0,27473.773
301085.SZ,20260420,67.3,71.9,66.7,69.75,67.3,2.45,3.6404,81139.55,564889.847
301086.SZ,20260420,169.6,179.88,167.31,175.63,168.35,7.28,4.3243,42806.87,749203.379
301087.SZ,20260420,57.5,59.25,57.01,57.89,57.5,0.39,0.6783,31199.8,181654.06
301088.SZ,20260420,14.38,14.51,14.21,14.46,14.3,0.16,1.1189,12284.54,17699.825
301089.SZ,20260420,27.73,28.4,27.49,27.8,27.73,0.07,0.2524,20206.0,56662.509
301090.SZ,20260420,8.7,9.33,8.51,8.83,9.01,-0.18,-1.9978,495665.57,435035.195
301091.SZ,20260420,23.2,23.58,22.94,23.4,23.29,0.11,0.4723,71266.29,166090.524
301092.SZ,20260420,34.28,34.32,33.66,34.15,34.34,-0.19,-0.5533,13353.9,45476.743
301093.SZ,20260420,78.58,82.95,77.81,80.93,75.62,5.31,7.022,50332.3,407323.635
301095.SZ,20260420,86.99,91.4,85.55,87.15,86.33,0.82,0.9498,108855.25,964222.888
301096.SZ,20260420,57.95,58.7,56.55,57.03,57.94,-0.91,-1.5706,28492.58,164132.327
301097.SZ,20260420,59.65,59.65,58.35,58.86,59.26,-0.4,-0.675,6894.35,40530.542
301098.SZ,20260420,8.56,8.69,8.51,8.64,8.57,0.07,0.8168,39625.5,34171.671
301099.SZ,20260420,54.12,55.3,53.5,54.75,53.88,0.87,1.6147,83373.94,452683.271
301100.SZ,20260420,18.9,18.9,18.63,18.87,18.74,0.13,0.6937,9104.0,17095.088
301101.SZ,20260420,34.86,35.27,34.64,35.08,34.86,0.22,0.6311,16509.0,57889.995
301102.SZ,20260420,10.97,11.16,10.82,11.05,10.87,0.18,1.6559,37942.24,41779.62
301103.SZ,20260420,19.21,19.34,18.86,19.2,19.14,0.06,0.3135,16975.46,32462.421
301105.SZ,20260420,58.62,59.89,57.0,59.3,58.43,0.87,1.489,8407.21,49564.47
301106.SZ,20260420,30.0,30.19,29.59,29.83,30.18,-0.35,-1.1597,14122.91,42275.036
301107.SZ,20260420,28.09,28.44,27.91,28.34,28.03,0.31,1.106,10562.2,29798.817
301108.SZ,20260420,27.55,28.08,27.3,28.05,27.45,0.6,2.1858,16254.03,45127.923
301109.SZ,20260420,15.14,15.4,15.06,15.3,15.09,0.21,1.3917,67115.58,102550.018
301110.SZ,20260420,61.1,71.65,61.07,71.06,61.41,9.65,15.7141,90586.91,613724.693
301111.SZ,20260420,19.03,19.22,18.88,19.21,19.11,0.1,0.5233,35494.2,67771.222
301112.SZ,20260420,33.8,34.0,33.46,33.91,33.9,0.01,0.0295,7108.03,24056.134
301113.SZ,20260420,25.3,25.79,25.06,25.7,25.3,0.4,1.581,10828.36,27649.547
301115.SZ,20260420,21.41,21.8,21.24,21.42,21.4,0.02,0.0935,34195.0,73424.677
301116.SZ,20260420,10.35,10.45,10.21,10.4,10.37,0.03,0.2893,22219.0,23016.399
301117.SZ,20260420,45.92,48.3,45.92,47.56,45.9,1.66,3.6166,76623.75,362615.339
301118.SZ,20260420,24.35,24.85,24.19,24.61,24.39,0.22,0.902,16353.0,40172.405
301119.SZ,20260420,45.98,46.78,45.74,46.09,45.98,0.11,0.2392,10078.38,46444.538
301120.SZ,20260420,22.9,23.74,22.72,23.68,23.0,0.68,2.9565,191808.1,448138.427
301121.SZ,20260420,38.26,38.46,37.36,37.47,38.1,-0.63,-1.6535,12826.63,48264.156
301122.SZ,20260420,30.44,31.07,30.24,30.81,30.44,0.37,1.2155,12318.8,37742.113
301123.SZ,20260420,68.71,70.49,65.84,66.53,68.53,-2.0,-2.9184,175847.88,1198196.353
301125.SZ,20260420,22.73,24.76,22.7,24.76,22.88,1.88,8.2168,58046.72,137854.174
301126.SZ,20260420,11.21,11.3,11.12,11.29,11.18,0.11,0.9839,25290.61,28401.489
301127.SZ,20260420,16.24,16.55,16.12,16.15,16.09,0.06,0.3729,112039.95,183058.241
301128.SZ,20260420,186.04,192.27,181.5,184.88,183.59,1.29,0.7027,77706.6,1445098.417
301129.SZ,20260420,27.5,27.91,27.0,27.88,27.26,0.62,2.2744,22981.2,63463.36
301130.SZ,20260420,30.85,30.85,30.3,30.74,30.88,-0.14,-0.4534,11757.37,35971.106
301131.SZ,20260420,42.6,42.69,42.09,42.62,42.5,0.12,0.2824,6912.86,29342.908
301132.SZ,20260420,42.03,42.4,41.47,41.77,42.45,-0.68,-1.6019,50887.52,212926.72
301133.SZ,20260420,45.81,46.5,43.79,45.91,45.93,-0.02,-0.0435,40175.35,181565.172
301135.SZ,20260420,28.58,28.58,28.25,28.48,28.58,-0.1,-0.3499,8765.0,24894.459
301136.SZ,20260420,15.8,16.47,15.8,16.31,15.96,0.35,2.193,79703.34,129164.757
301137.SZ,20260420,44.76,45.63,44.75,45.52,45.18,0.34,0.7525,40736.01,184781.841
301138.SZ,20260420,38.34,38.69,38.05,38.34,38.34,0.0,0.0,9250.07,35477.286
301139.SZ,20260420,18.24,18.37,17.91,18.04,18.23,-0.19,-1.0422,49710.16,89546.935
301141.SZ,20260420,53.38,55.08,53.11,54.59,53.53,1.06,1.9802,39307.98,213098.358
301148.SZ,20260420,63.96,68.88,63.43,68.3,64.28,4.02,6.2539,65226.11,436844.856
301149.SZ,20260420,12.87,13.07,12.76,13.0,12.89,0.11,0.8534,102540.3,132451.893
301150.SZ,20260420,60.89,63.46,60.16,63.46,61.15,2.31,3.7776,137605.14,858069.28
301151.SZ,20260420,18.88,18.93,18.76,18.87,18.82,0.05,0.2657,10648.99,20078.415
301152.SZ,20260420,29.99,30.27,29.76,29.99,30.13,-0.14,-0.4647,37089.07,111126.724
301153.SZ,20260420,24.93,25.15,24.8,25.04,24.95,0.09,0.3607,52665.16,131953.803
301155.SZ,20260420,66.4,67.29,65.12,66.97,66.72,0.25,0.3747,43796.38,291865.517
301156.SZ,20260420,18.65,18.76,18.32,18.69,18.54,0.15,0.8091,16475.5,30551.581
301157.SZ,20260420,85.51,85.97,80.0,81.8,85.74,-3.94,-4.5953,72482.73,598163.175
301158.SZ,20260420,23.0,23.13,22.59,22.8,22.96,-0.16,-0.6969,76936.55,175321.361
301159.SZ,20260420,41.3,41.85,40.59,41.19,41.68,-0.49,-1.1756,18957.25,78368.559
301160.SZ,20260420,60.0,60.55,58.68,58.81,60.19,-1.38,-2.2927,21214.66,125909.885
301161.SZ,20260420,31.12,31.7,31.02,31.31,31.15,0.16,0.5136,20389.0,63966.18
301162.SZ,20260420,68.5,69.4,67.08,68.99,68.97,0.02,0.029,19848.98,135661.588
301163.SZ,20260420,30.85,31.63,30.77,31.56,31.08,0.48,1.5444,24475.13,76395.502
301165.SZ,20260420,96.5,100.37,95.81,99.53,95.97,3.56,3.7095,133416.25,1316555.029
301166.SZ,20260420,30.62,30.73,30.25,30.69,30.52,0.17,0.557,9617.0,29402.915
301167.SZ,20260420,16.66,16.8,16.46,16.75,16.67,0.08,0.4799,15648.56,26078.483
301168.SZ,20260420,44.92,45.91,44.2,44.78,45.1,-0.32,-0.7095,19332.76,86654.29
301169.SZ,20260420,58.7,61.41,58.07,60.86,58.73,2.13,3.6268,17362.19,104509.377
301170.SZ,20260420,29.0,29.48,28.93,29.42,28.98,0.44,1.5183,10045.21,29360.048
301171.SZ,20260420,48.71,52.6,48.48,50.89,48.94,1.95,3.9845,650766.44,3298011.347
301172.SZ,20260420,30.12,31.43,29.76,30.66,30.27,0.39,1.2884,69899.49,214225.727
301173.SZ,20260420,43.6,44.24,43.28,44.09,43.75,0.34,0.7771,5779.35,25453.252
301175.SZ,20260420,6.23,6.33,6.2,6.32,6.24,0.08,1.2821,182743.63,114593.273
301176.SZ,20260420,29.49,29.49,28.72,28.84,29.24,-0.4,-1.368,52564.42,152362.481
301177.SZ,20260420,29.21,29.45,29.07,29.3,29.02,0.28,0.9649,9736.5,28503.313
301178.SZ,20260420,55.19,56.0,54.3,54.51,55.2,-0.69,-1.25,20833.79,114483.954
301179.SZ,20260420,26.08,28.3,26.01,28.1,26.4,1.7,6.4394,257186.93,708458.075
301180.SZ,20260420,20.78,20.9,19.86,20.08,20.68,-0.6,-2.9014,78744.66,158896.611
301181.SZ,20260420,45.72,49.33,44.45,48.5,45.72,2.78,6.0805,63104.16,298196.666
301182.SZ,20260420,68.31,68.59,66.67,67.16,68.26,-1.1,-1.6115,38095.0,256659.905
301183.SZ,20260420,200.0,200.5,191.0,193.19,199.12,-5.93,-2.9781,79616.86,1552537.006
301185.SZ,20260420,18.93,19.13,18.84,19.07,18.99,0.08,0.4213,20619.0,39233.308
301186.SZ,20260420,68.25,74.89,67.24,73.96,67.18,6.78,10.0923,50929.07,367232.235
301187.SZ,20260420,20.06,20.09,19.82,20.04,19.94,0.1,0.5015,17195.33,34357.392
301188.SZ,20260420,26.73,27.43,25.49,25.93,25.06,0.87,3.4717,341356.58,902634.233
301189.SZ,20260420,82.0,88.35,81.4,85.84,82.0,3.84,4.6829,102610.49,881757.378
301190.SZ,20260420,22.36,22.36,22.0,22.04,22.21,-0.17,-0.7654,13234.0,29254.417
301191.SZ,20260420,145.01,152.8,143.08,146.03,146.0,0.03,0.0205,41298.44,610098.718
301192.SZ,20260420,26.2,27.18,26.16,27.0,26.05,0.95,3.6468,24401.33,65458.724
301193.SZ,20260420,21.82,23.07,21.24,22.5,21.88,0.62,2.8336,69884.05,155528.051
301195.SZ,20260420,32.35,32.47,32.05,32.14,32.29,-0.15,-0.4645,6205.0,20003.987
301196.SZ,20260420,118.29,125.37,116.0,123.72,117.11,6.61,5.6443,63868.77,773840.459
301197.SZ,20260420,27.18,30.71,26.73,29.28,27.48,1.8,6.5502,113900.8,332784.111
301198.SZ,20260420,14.21,14.56,14.06,14.52,14.21,0.31,2.1816,24045.57,34448.525
301199.SZ,20260420,22.93,23.06,22.82,22.99,22.92,0.07,0.3054,16058.46,36840.378
301200.SZ,20260420,201.66,207.94,197.51,206.12,202.79,3.33,1.6421,51740.3,1053112.542
301201.SZ,20260420,42.0,42.49,41.3,42.14,41.85,0.29,0.693,56851.03,239334.408
301202.SZ,20260420,41.74,42.5,41.38,41.88,41.53,0.35,0.8428,17508.39,73522.901
301203.SZ,20260420,41.29,42.95,40.83,42.43,41.14,1.29,3.1356,17756.52,75012.644
301205.SZ,20260420,291.26,302.68,275.0,280.51,285.55,-5.04,-1.765,114498.09,3301659.16
301206.SZ,20260420,26.28,26.48,26.18,26.39,26.28,0.11,0.4186,9284.5,24473.079
301207.SZ,20260420,19.8,19.88,19.59,19.77,19.91,-0.14,-0.7032,41002.54,81002.92
301208.SZ,20260420,34.94,35.42,34.81,35.26,35.01,0.25,0.7141,8886.4,31300.181
301209.SZ,20260420,95.13,100.6,94.79,96.35,95.13,1.22,1.2825,21447.42,210231.792
301210.SZ,20260420,36.66,37.53,36.33,36.9,40.19,-3.29,-8.1861,75621.72,278342.003
301211.SZ,20260420,12.04,12.04,11.88,11.92,12.01,-0.09,-0.7494,26633.39,31800.774
301212.SZ,20260420,27.44,27.76,27.06,27.45,27.35,0.1,0.3656,7322.0,20055.614
301213.SZ,20260420,70.18,72.3,69.5,72.2,70.13,2.07,2.9517,18728.96,133461.662
301215.SZ,20260420,6.23,6.32,6.18,6.28,6.22,0.06,0.9646,102395.36,64253.516
301216.SZ,20260420,29.76,30.68,28.83,29.27,29.48,-0.21,-0.7123,178879.68,531376.809
301217.SZ,20260420,47.42,48.2,46.06,46.79,47.54,-0.75,-1.5776,431837.68,2034111.695
301218.SZ,20260420,35.11,36.88,34.67,36.27,35.19,1.08,3.0691,38829.82,140283.602
301219.SZ,20260420,83.25,83.85,81.5,82.0,83.06,-1.06,-1.2762,168017.34,1379976.555
301220.SZ,20260420,39.71,41.28,39.06,39.97,39.71,0.26,0.6547,29675.38,119153.457
301221.SZ,20260420,53.3,53.31,52.55,52.99,53.35,-0.36,-0.6748,15916.91,84233.184
301222.SZ,20260420,38.91,40.13,38.22,38.58,38.98,-0.4,-1.0262,42044.13,163636.041
301223.SZ,20260420,20.01,20.11,19.48,19.67,19.91,-0.24,-1.2054,33254.0,65724.952
301225.SZ,20260420,114.99,116.19,113.02,115.11,115.8,-0.69,-0.5959,18111.36,207469.146
301226.SZ,20260420,40.7,40.7,39.8,40.18,40.37,-0.19,-0.4706,45070.02,181504.752
301227.SZ,20260420,35.68,36.83,35.33,36.24,35.79,0.45,1.2573,25421.0,91766.876
301228.SZ,20260420,58.15,59.3,55.75,56.98,57.91,-0.93,-1.6059,59186.41,337276.974
301229.SZ,20260420,18.61,18.8,18.47,18.58,18.61,-0.03,-0.1612,19186.36,35692.508
301230.SZ,20260420,39.85,41.15,39.7,41.07,40.06,1.01,2.5212,70719.28,287599.271
301231.SZ,20260420,31.49,32.57,31.26,32.38,31.5,0.88,2.7937,37263.44,119596.981
301232.SZ,20260420,220.0,248.0,215.81,234.1,221.5,12.6,5.6885,96945.95,2254601.095
301233.SZ,20260420,54.76,55.61,54.39,55.51,54.76,0.75,1.3696,9421.32,52038.45
301234.SZ,20260420,39.36,40.0,38.76,39.4,39.21,0.19,0.4846,9497.0,37350.792
301235.SZ,20260420,52.16,52.16,49.6,51.74,51.73,0.01,0.0193,43220.35,221203.994
301236.SZ,20260420,40.51,42.27,40.41,40.97,40.27,0.7,1.7383,223592.09,924538.239
301237.SZ,20260420,68.31,70.32,66.13,69.47,71.17,-1.7,-2.3886,50187.77,339449.951
301238.SZ,20260420,21.49,21.62,21.17,21.29,21.6,-0.31,-1.4352,106118.48,226164.228
301239.SZ,20260420,37.24,39.7,37.01,38.74,37.24,1.5,4.0279,31259.9,120494.759
301246.SZ,20260420,24.2,24.63,24.05,24.37,24.3,0.07,0.2881,144973.74,352124.501
301248.SZ,20260420,61.46,61.85,59.0,60.31,58.92,1.39,2.3591,106184.89,644072.949
301251.SZ,20260420,68.26,68.8,67.01,67.28,68.41,-1.13,-1.6518,39376.66,266862.588
301252.SZ,20260420,39.2,40.28,39.02,39.4,39.3,0.1,0.2545,31984.91,126819.736
301255.SZ,20260420,29.95,30.42,29.3,30.42,30.1,0.32,1.0631,47568.8,142375.585
301256.SZ,20260420,13.96,14.14,13.72,14.0,13.88,0.12,0.8646,135286.82,188254.779
301257.SZ,20260420,57.84,58.74,57.1,58.22,57.86,0.36,0.6222,14735.2,85262.429
301258.SZ,20260420,31.85,32.33,31.75,32.16,31.97,0.19,0.5943,9134.23,29302.336
301259.SZ,20260420,38.71,38.85,37.01,37.25,38.71,-1.46,-3.7716,62079.31,233882.961
301260.SZ,20260420,15.71,15.77,15.59,15.64,15.69,-0.05,-0.3187,14490.76,22708.292
301261.SZ,20260420,77.67,78.26,76.7,77.15,77.9,-0.75,-0.9628,12369.72,95836.596
301262.SZ,20260420,23.44,24.03,23.28,23.93,23.48,0.45,1.9165,50372.39,119893.576
301263.SZ,20260420,28.98,29.49,28.53,29.33,28.95,0.38,1.3126,42538.4,123799.864
301265.SZ,20260420,24.01,28.2,23.79,28.2,23.5,4.7,20.0,250651.93,664713.107
301266.SZ,20260420,40.08,42.74,39.8,41.89,40.31,1.58,3.9196,44713.82,185615.927
301267.SZ,20260420,17.02,17.32,16.96,17.19,17.04,0.15,0.8803,36554.6,62787.848
301268.SZ,20260420,22.67,23.92,22.6,23.64,22.73,0.91,4.0035,48508.0,113775.355
301269.SZ,20260420,85.88,89.62,85.53,87.7,85.85,1.85,2.1549,69021.75,606573.198
301270.SZ,20260420,35.37,36.7,35.3,35.9,35.77,0.13,0.3634,57414.35,206814.703
301272.SZ,20260420,41.3,42.3,41.1,41.91,41.35,0.56,1.3543,7193.12,30037.989
301273.SZ,20260420,31.16,32.66,30.8,31.6,31.06,0.54,1.7386,13969.0,43842.794
301275.SZ,20260420,41.66,42.76,41.51,42.5,41.65,0.85,2.0408,47911.05,202147.391
301276.SZ,20260420,24.93,25.65,24.76,25.48,24.93,0.55,2.2062,17310.2,43569.845
301277.SZ,20260420,12.0,12.0,11.83,11.88,11.95,-0.07,-0.5858,19325.56,22984.745
301278.SZ,20260420,40.16,40.49,39.51,39.72,39.9,-0.18,-0.4511,21489.54,85465.351
301279.SZ,20260420,29.76,29.9,29.13,29.76,29.64,0.12,0.4049,14136.17,41746.965
301280.SZ,20260420,62.19,64.05,61.32,62.96,62.18,0.78,1.2544,26889.23,170081.165
301281.SZ,20260420,38.19,38.79,37.56,37.89,38.24,-0.35,-0.9153,32989.0,125079.102
301282.SZ,20260420,46.01,46.65,44.7,45.04,46.4,-1.36,-2.931,154718.68,700612.063
301283.SZ,20260420,49.06,50.43,48.94,49.8,48.9,0.9,1.8405,20351.96,100655.673
301285.SZ,20260420,100.89,105.0,98.25,103.4,101.0,2.4,2.3762,39160.38,400938.192
301286.SZ,20260420,51.65,53.77,50.0,50.63,50.99,-0.36,-0.706,44431.99,230271.886
301287.SZ,20260420,43.09,43.24,42.75,43.21,42.95,0.26,0.6054,7190.91,30937.401
301288.SZ,20260420,18.6,19.7,18.6,19.03,18.54,0.49,2.6429,9842.0,18895.301
301289.SZ,20260420,56.0,57.1,55.68,56.91,56.06,0.85,1.5162,8464.34,47931.93
301290.SZ,20260420,27.76,28.21,27.4,28.12,27.61,0.51,1.8472,17151.39,47862.458
301291.SZ,20260420,55.13,55.68,54.4,55.03,55.19,-0.16,-0.2899,119300.2,654223.355
301292.SZ,20260420,91.01,93.27,89.8,91.5,92.6,-1.1,-1.1879,163895.25,1495960.746
301293.SZ,20260420,68.15,70.48,68.15,70.09,68.8,1.29,1.875,74335.08,518276.191
301295.SZ,20260420,40.92,42.95,40.61,42.61,40.99,1.62,3.9522,30863.93,129762.604
301296.SZ,20260420,7.99,7.99,7.87,7.93,7.92,0.01,0.1263,17767.34,14062.737
301297.SZ,20260420,37.0,39.3,36.81,38.91,37.34,1.57,4.2046,171561.96,651796.679
301298.SZ,20260420,16.26,16.5,16.22,16.5,16.36,0.14,0.8557,17339.22,28455.9
301299.SZ,20260420,68.19,69.43,67.72,68.01,68.51,-0.5,-0.7298,18570.0,126960.418
301300.SZ,20260420,44.34,44.67,43.54,44.67,44.32,0.35,0.7897,9038.0,39941.18
301301.SZ,20260420,10.35,10.36,10.22,10.24,10.32,-0.08,-0.7752,116428.0,119541.369
301302.SZ,20260420,22.24,22.44,22.02,22.33,22.09,0.24,1.0865,56345.5,125448.53
301303.SZ,20260420,15.98,16.1,15.89,16.05,15.96,0.09,0.5639,29089.83,46575.479
301305.SZ,20260420,27.18,28.3,26.94,27.82,27.37,0.45,1.6441,61774.54,171523.772
301306.SZ,20260420,176.2,188.5,168.0,179.38,173.94,5.44,3.1275,102292.19,1810663.256
301307.SZ,20260420,45.39,45.71,43.82,44.04,45.4,-1.36,-2.9956,110700.74,491215.909
301308.SZ,20260420,369.0,385.78,367.0,375.21,370.52,4.69,1.2658,141627.17,5324966.408
301309.SZ,20260420,35.0,35.92,34.81,35.4,35.2,0.2,0.5682,35985.04,127209.411
301310.SZ,20260420,58.0,63.66,56.1,62.9,56.53,6.37,11.2684,83163.08,485128.102
301311.SZ,20260420,16.78,17.23,16.75,17.12,16.82,0.3,1.7836,29968.06,50985.406
301312.SZ,20260420,118.47,120.0,115.5,117.13,120.8,-3.67,-3.0381,76164.52,891391.683
301313.SZ,20260420,33.91,35.27,33.01,35.1,34.0,1.1,3.2353,47287.73,161812.899
301314.SZ,20260420,51.3,51.5,50.0,50.34,51.3,-0.96,-1.8713,19895.85,100323.12
301315.SZ,20260420,51.0,51.11,50.5,50.62,50.76,-0.14,-0.2758,8371.53,42485.26
301316.SZ,20260420,47.35,48.72,46.93,47.15,47.31,-0.16,-0.3382,121981.59,581410.782
301317.SZ,20260420,63.97,67.45,62.01,63.17,63.05,0.12,0.1903,77029.0,496036.186
301318.SZ,20260420,27.37,27.39,27.11,27.21,27.25,-0.04,-0.1468,8799.0,23945.066
301319.SZ,20260420,68.87,74.01,65.43,70.25,68.39,1.86,2.7197,159070.18,1094902.458
301320.SZ,20260420,17.22,17.41,17.14,17.37,17.17,0.2,1.1648,13165.01,22765.418
301321.SZ,20260420,23.88,24.27,23.35,23.89,23.89,0.0,0.0,66055.33,157273.413
301322.SZ,20260420,35.76,36.37,35.47,36.25,35.9,0.35,0.9749,39811.07,142533.987
301323.SZ,20260420,65.11,69.15,64.71,68.69,65.71,2.98,4.5351,37364.55,253788.164
301325.SZ,20260420,46.41,46.48,45.73,45.88,46.4,-0.52,-1.1207,15737.17,72475.872
301326.SZ,20260420,175.14,191.91,159.32,161.35,165.67,-4.32,-2.6076,36916.92,613815.369
301327.SZ,20260420,64.12,67.85,63.87,66.74,64.28,2.46,3.827,61895.63,408675.68
301328.SZ,20260420,59.33,61.85,57.8,61.67,58.97,2.7,4.5786,33769.78,201968.41
301329.SZ,20260420,23.44,23.81,23.4,23.77,23.46,0.31,1.3214,19669.24,46546.039
301330.SZ,20260420,34.38,34.85,34.2,34.74,34.46,0.28,0.8125,24875.5,86159.86
301331.SZ,20260420,26.52,26.85,26.25,26.82,26.39,0.43,1.6294,9974.02,26530.749
301332.SZ,20260420,9.36,9.38,9.27,9.37,9.35,0.02,0.2139,17118.09,15968.53
301333.SZ,20260420,67.73,69.2,67.19,68.62,67.73,0.89,1.314,14714.84,100677.399
301335.SZ,20260420,26.95,26.95,26.13,26.32,26.59,-0.27,-1.0154,25565.4,67371.308
301336.SZ,20260420,51.01,51.62,50.7,51.2,51.35,-0.15,-0.2921,6587.14,33742.681
301337.SZ,20260420,28.3,28.4,28.04,28.3,28.29,0.01,0.0353,13331.0,37593.642
301338.SZ,20260420,178.0,184.0,175.0,180.89,180.91,-0.02,-0.0111,48754.68,876394.972
301339.SZ,20260420,13.35,13.62,13.31,13.56,13.35,0.21,1.573,38826.54,52467.974
301345.SZ,20260420,241.0,241.98,234.57,235.94,239.59,-3.65,-1.5234,9653.66,229020.82
301348.SZ,20260420,25.01,25.22,24.4,24.85,24.73,0.12,0.4852,132303.26,327599.86
301349.SZ,20260420,61.96,65.5,61.51,63.43,62.4,1.03,1.6506,53966.32,344967.82
301353.SZ,20260420,28.16,28.27,27.96,28.22,28.17,0.05,0.1775,6086.9,17122.27
301355.SZ,20260420,12.56,12.59,12.34,12.58,12.47,0.11,0.8821,26039.0,32579.65
301356.SZ,20260420,21.5,21.62,21.31,21.5,21.52,-0.02,-0.0929,11396.93,24459.355
301357.SZ,20260420,115.67,118.36,115.0,118.35,115.1,3.25,2.8236,35201.91,412433.639
301358.SZ,20260420,82.05,83.25,80.68,83.13,83.38,-0.25,-0.2998,195773.05,1607457.636
301359.SZ,20260420,21.59,22.25,21.46,22.11,21.42,0.69,3.2213,23430.2,51512.758
301360.SZ,20260420,82.46,84.19,79.02,83.23,82.13,1.1,1.3393,27431.47,223099.849
301361.SZ,20260420,38.49,38.79,38.3,38.65,38.55,0.1,0.2594,17827.6,68717.871
301362.SZ,20260420,153.44,162.93,144.8,149.13,150.73,-1.6,-1.0615,52388.61,791993.269
301363.SZ,20260420,26.1,26.88,25.95,26.73,26.2,0.53,2.0229,72227.5,191709.702
301365.SZ,20260420,29.95,30.98,29.76,30.96,30.15,0.81,2.6866,41381.0,126661.766
301366.SZ,20260420,35.99,36.36,35.75,36.2,35.97,0.23,0.6394,32915.26,118816.764
301367.SZ,20260420,69.2,70.67,69.0,70.59,69.12,1.47,2.1267,10002.45,70152.778
301368.SZ,20260420,53.78,53.84,53.0,53.07,53.48,-0.41,-0.7666,15780.0,84344.034
301369.SZ,20260420,168.04,169.0,164.51,168.07,168.88,-0.81,-0.4796,15147.94,252380.143
301370.SZ,20260420,10.43,10.52,10.35,10.49,10.43,0.06,0.5753,24314.0,25426.916
301371.SZ,20260420,24.19,24.25,24.03,24.21,24.23,-0.02,-0.0825,11667.2,28187.299
301372.SZ,20260420,33.45,33.98,32.21,32.8,33.26,-0.46,-1.383,34188.24,111938.932
301373.SZ,20260420,100.91,105.18,97.0,97.61,100.51,-2.9,-2.8853,70649.07,708465.287
301376.SZ,20260420,16.17,16.43,16.01,16.37,16.11,0.26,1.6139,39751.36,64705.449
301377.SZ,20260420,225.83,243.5,224.3,227.5,225.22,2.28,1.0123,54863.95,1272742.112
301378.SZ,20260420,32.05,32.48,31.65,32.37,32.16,0.21,0.653,14094.0,45437.198
301379.SZ,20260420,25.91,26.1,25.7,25.81,26.03,-0.22,-0.8452,35328.86,91296.088
301380.SZ,20260420,33.93,34.52,33.6,34.21,33.74,0.47,1.393,13301.76,45440.468
301381.SZ,20260420,20.68,21.93,20.51,21.6,20.68,0.92,4.4487,74116.62,159554.349
301382.SZ,20260420,42.01,42.38,39.5,40.87,40.34,0.53,1.3138,188624.57,774604.675
301383.SZ,20260420,29.33,30.07,29.19,29.53,29.34,0.19,0.6476,13297.8,39372.902
301386.SZ,20260420,26.52,26.98,26.52,26.94,26.54,0.4,1.5072,19038.0,51001.611
301387.SZ,20260420,63.88,68.0,62.9,66.95,64.39,2.56,3.9758,59406.6,391018.544
301388.SZ,20260420,32.2,32.39,31.89,32.31,32.19,0.12,0.3728,16950.0,54458.836
301389.SZ,20260420,58.26,62.46,58.2,58.99,58.0,0.99,1.7069,103727.83,625926.065
301390.SZ,20260420,35.23,36.05,35.06,35.79,35.29,0.5,1.4168,12985.0,46324.019
301391.SZ,20260420,80.23,80.99,78.8,79.26,80.2,-0.94,-1.1721,16161.0,128498.994
301392.SZ,20260420,160.41,161.89,151.92,153.9,162.14,-8.24,-5.082,82009.45,1267347.932
301393.SZ,20260420,57.46,60.47,57.16,57.87,57.63,0.24,0.4164,27554.78,162205.059
301395.SZ,20260420,13.57,13.58,12.72,13.0,13.72,-0.72,-5.2478,117586.21,153271.273
301396.SZ,20260420,277.5,289.02,272.22,289.0,282.68,6.32,2.2357,154004.36,4331762.633
301397.SZ,20260420,35.91,39.98,35.86,37.84,36.09,1.75,4.849,103639.03,398751.711
301398.SZ,20260420,47.88,48.59,47.4,47.59,48.36,-0.77,-1.5922,18616.23,89100.726
301399.SZ,20260420,23.8,25.66,23.8,25.34,24.02,1.32,5.4954,137001.54,343725.096
301408.SZ,20260420,20.0,21.2,19.88,20.73,20.21,0.52,2.573,501910.14,1038252.715
301413.SZ,20260420,124.0,124.3,121.15,121.66,123.78,-2.12,-1.7127,29239.0,357184.723
301418.SZ,20260420,39.72,40.15,39.53,40.04,39.8,0.24,0.603,8545.0,34140.547
301419.SZ,20260420,45.12,47.2,44.98,47.12,45.36,1.76,3.8801,91427.14,422953.297
301421.SZ,20260420,97.41,100.93,96.4,100.0,98.53,1.47,1.4919,79253.63,781653.83
301428.SZ,20260420,34.48,34.87,34.26,34.65,34.73,-0.08,-0.2303,44269.0,153147.383
301429.SZ,20260420,19.8,20.02,19.5,19.88,19.78,0.1,0.5056,10090.0,20010.472
301439.SZ,20260420,16.13,16.36,16.08,16.2,16.13,0.07,0.434,38455.04,62375.44
301446.SZ,20260420,39.85,40.51,39.02,39.3,40.0,-0.7,-1.75,16223.9,64234.302
301448.SZ,20260420,38.61,40.0,38.36,39.57,38.67,0.9,2.3274,10364.95,40893.325
301449.SZ,20260420,79.8,80.88,79.5,80.51,80.0,0.51,0.6375,14349.55,115212.143
301456.SZ,20260420,29.81,30.28,29.57,30.15,29.86,0.29,0.9712,15060.45,45171.897
301458.SZ,20260420,35.86,37.73,35.4,37.44,35.81,1.63,4.5518,87975.13,322319.87
301459.SZ,20260420,38.35,38.97,38.11,38.9,38.31,0.59,1.5401,9630.6,37317.269
301468.SZ,20260420,52.53,55.48,52.5,54.78,53.22,1.56,2.9312,55793.48,303204.913
301469.SZ,20260420,34.29,34.9,34.02,34.75,34.25,0.5,1.4599,14044.76,48507.062
301479.SZ,20260420,106.01,110.08,104.01,107.8,108.88,-1.08,-0.9919,54922.3,588507.709
301486.SZ,20260420,168.0,175.0,165.0,174.22,169.69,4.53,2.6696,101117.06,1728709.308
301487.SZ,20260420,22.64,23.43,22.63,22.7,22.63,0.07,0.3093,117492.47,269347.401
301488.SZ,20260420,137.98,138.0,135.66,136.34,136.89,-0.55,-0.4018,9135.37,124658.66
301489.SZ,20260420,219.2,223.09,213.13,219.0,219.2,-0.2,-0.0912,44934.46,983773.814
301491.SZ,20260420,50.96,51.27,50.7,51.19,50.95,0.24,0.4711,5138.7,26250.202
301498.SZ,20260420,54.64,56.96,54.51,56.05,55.09,0.96,1.7426,107107.5,598621.063
301499.SZ,20260420,34.78,36.64,34.16,35.8,34.34,1.46,4.2516,44155.0,157752.49
301500.SZ,20260420,24.0,25.22,23.94,24.7,24.04,0.66,2.7454,133648.11,329545.277
301501.SZ,20260420,38.0,38.66,38.0,38.56,38.23,0.33,0.8632,9271.08,35646.895
301502.SZ,20260420,45.92,47.86,45.29,47.56,45.92,1.64,3.5714,21375.11,99857.492
301503.SZ,20260420,36.3,36.54,35.75,36.4,36.12,0.28,0.7752,9222.05,33289.702
301505.SZ,20260420,22.86,23.22,22.52,23.01,22.8,0.21,0.9211,22287.11,51081.283
301507.SZ,20260420,14.28,14.43,14.11,14.42,14.4,0.02,0.1389,30687.29,43935.402
301508.SZ,20260420,29.8,29.95,29.63,29.82,29.75,0.07,0.2353,11905.53,35475.85
301509.SZ,20260420,44.31,44.65,43.32,43.68,44.53,-0.85,-1.9088,65220.71,284858.081
301510.SZ,20260420,31.8,31.96,31.36,31.45,31.68,-0.23,-0.726,54976.13,173453.057
301511.SZ,20260420,50.66,54.27,50.22,52.86,50.28,2.58,5.1313,387602.82,2053344.019
301512.SZ,20260420,47.39,47.77,37.45,47.47,46.81,0.66,1.41,14432.99,67880.971
301513.SZ,20260420,92.0,99.45,89.01,96.56,103.1,-6.54,-6.3434,108967.97,1025787.556
301515.SZ,20260420,22.84,23.2,22.67,23.19,22.81,0.38,1.6659,12549.21,28839.25
301516.SZ,20260420,19.66,20.24,19.53,20.19,19.75,0.44,2.2278,108246.23,215468.411
301517.SZ,20260420,73.7,75.7,71.0,73.26,72.29,0.97,1.3418,163407.02,1195009.632
301518.SZ,20260420,42.0,44.15,41.32,44.12,42.0,2.12,5.0476,34442.53,147005.308
301519.SZ,20260420,14.34,14.4,14.16,14.38,14.34,0.04,0.2789,15917.97,22760.762
301520.SZ,20260420,44.13,44.53,43.93,44.31,44.28,0.03,0.0678,9794.0,43356.339
301522.SZ,20260420,32.14,32.81,32.14,32.66,32.35,0.31,0.9583,46846.29,152723.814
301525.SZ,20260420,73.18,74.82,73.1,73.92,73.65,0.27,0.3666,10692.97,79028.818
301526.SZ,20260420,13.93,14.29,13.68,13.87,14.0,-0.13,-0.9286,1356455.15,1891902.236
301528.SZ,20260420,71.98,73.85,71.21,72.17,72.0,0.17,0.2361,15948.62,115844.136
301529.SZ,20260420,111.82,114.6,109.01,111.51,113.2,-1.69,-1.4929,21752.44,243044.436
301533.SZ,20260420,32.99,32.99,32.41,32.75,32.63,0.12,0.3678,4747.0,15505.778
301535.SZ,20260420,20.21,20.33,19.84,20.14,20.26,-0.12,-0.5923,31208.7,62582.147
301536.SZ,20260420,76.38,78.88,75.77,78.83,76.38,2.45,3.2076,66240.29,514002.523
301538.SZ,20260420,84.4,84.75,82.0,84.57,84.75,-0.18,-0.2124,19851.9,164965.388
301539.SZ,20260420,19.42,19.52,19.22,19.51,19.37,0.14,0.7228,11815.86,22913.887
301548.SZ,20260420,79.01,83.5,77.11,82.44,79.05,3.39,4.2884,37137.7,300434.46
301550.SZ,20260420,161.02,161.9,155.3,158.24,162.79,-4.55,-2.795,53873.44,849410.358
301551.SZ,20260420,29.86,30.48,29.77,30.32,29.87,0.45,1.5065,41736.74,126294.68
301552.SZ,20260420,44.77,44.78,43.6,44.17,44.49,-0.32,-0.7193,26183.06,115161.459
301555.SZ,20260420,36.53,38.52,36.4,37.21,36.88,0.33,0.8948,29700.5,111681.339
301556.SZ,20260420,84.85,92.98,84.5,92.27,84.8,7.47,8.809,49223.58,439501.84
301557.SZ,20260420,113.1,114.0,109.32,110.63,113.05,-2.42,-2.1406,9865.51,109384.922
301558.SZ,20260420,8.3,8.48,8.25,8.43,8.28,0.15,1.8116,78313.0,65871.612
301559.SZ,20260420,17.09,17.38,17.0,17.2,17.02,0.18,1.0576,21942.17,37801.672
301560.SZ,20260420,40.18,42.42,39.72,42.32,40.16,2.16,5.3785,28763.23,119103.614
301563.SZ,20260420,168.0,168.0,165.07,166.1,168.52,-2.42,-1.436,15198.51,252578.721
301565.SZ,20260420,21.82,22.04,21.7,21.9,21.82,0.08,0.3666,21981.0,48135.146
301566.SZ,20260420,22.79,23.93,22.55,23.42,22.44,0.98,4.3672,194348.72,454353.36
301567.SZ,20260420,43.5,43.5,42.8,43.3,43.2,0.1,0.2315,7400.73,31877.977
301568.SZ,20260420,57.12,57.73,55.61,56.0,57.11,-1.11,-1.9436,44782.75,251642.8
301571.SZ,20260420,75.0,77.87,74.42,77.14,74.6,2.54,3.4048,63133.05,482485.356
301575.SZ,20260420,46.0,46.02,45.39,45.76,45.89,-0.13,-0.2833,6919.58,31561.653
301577.SZ,20260420,63.59,64.1,62.06,62.92,63.59,-0.67,-1.0536,10154.63,63660.962
301578.SZ,20260420,33.69,33.88,33.51,33.83,33.53,0.3,0.8947,5376.7,18130.485
301580.SZ,20260420,79.3,79.77,76.23,77.9,78.77,-0.87,-1.1045,53967.33,418293.657
301581.SZ,20260420,47.24,47.24,46.51,46.77,47.04,-0.27,-0.574,4349.4,20344.58
301584.SZ,20260420,27.95,28.19,27.62,28.14,27.99,0.15,0.5359,35279.1,98477.106
301585.SZ,20260420,29.27,29.59,28.81,29.5,29.27,0.23,0.7858,11495.05,33650.522
301586.SZ,20260420,44.3,44.58,43.8,44.5,44.01,0.49,1.1134,9359.0,41457.885
301587.SZ,20260420,27.58,27.8,27.15,27.7,27.7,0.0,0.0,66838.72,183460.586
301588.SZ,20260420,21.53,22.76,21.35,22.52,21.52,1.0,4.6468,46447.55,103263.009
301589.SZ,20260420,172.93,177.0,172.8,174.3,173.37,0.93,0.5364,5245.45,91813.821
301590.SZ,20260420,185.6,188.79,183.01,185.94,185.39,0.55,0.2967,5076.03,94160.115
301591.SZ,20260420,42.94,42.97,42.48,42.77,42.94,-0.17,-0.3959,9820.98,41909.767
301592.SZ,20260420,127.34,132.63,124.36,128.26,126.52,1.74,1.3753,20924.26,270218.492
301595.SZ,20260420,49.53,49.78,48.62,48.98,49.54,-0.56,-1.1304,15826.0,77751.979
301596.SZ,20260420,70.0,71.4,69.6,70.84,69.91,0.93,1.3303,8724.62,61598.149
301598.SZ,20260420,62.86,63.9,62.65,63.7,62.98,0.72,1.1432,4842.34,30708.413
301600.SZ,20260420,108.0,109.33,106.52,108.46,108.0,0.46,0.4259,8110.28,87571.327
301601.SZ,20260420,23.91,23.96,23.4,23.78,23.95,-0.17,-0.7098,18739.28,44275.452
301602.SZ,20260420,19.21,19.38,19.08,19.29,19.24,0.05,0.2599,13775.0,26529.748
301603.SZ,20260420,98.81,108.88,98.63,103.5,94.5,9.0,9.5238,103027.65,1072537.906
301606.SZ,20260420,75.5,75.65,74.62,75.0,75.15,-0.15,-0.1996,27495.73,206387.505
301607.SZ,20260420,48.97,49.2,47.22,47.75,48.97,-1.22,-2.4913,30236.32,144422.388
301608.SZ,20260420,86.42,87.19,86.03,86.76,86.54,0.22,0.2542,10342.9,89644.812
301609.SZ,20260420,47.33,48.88,46.78,48.72,47.52,1.2,2.5253,31323.72,149847.44
301611.SZ,20260420,102.45,102.86,99.63,100.11,103.0,-2.89,-2.8058,155908.43,1570534.956
301613.SZ,20260420,47.49,48.5,47.33,47.71,47.48,0.23,0.4844,13537.0,64856.466
301616.SZ,20260420,51.86,52.37,51.56,51.94,51.96,-0.02,-0.0385,5875.0,30440.778
301617.SZ,20260420,60.5,62.22,59.72,60.08,61.37,-1.29,-2.102,33407.65,201809.758
301618.SZ,20260420,48.66,49.0,48.51,48.85,48.58,0.27,0.5558,3434.69,16760.45
301622.SZ,20260420,63.94,64.2,63.2,63.44,63.93,-0.49,-0.7665,15542.22,98865.694
301626.SZ,20260420,265.5,268.88,257.0,261.0,266.8,-5.8,-2.1739,23019.87,605222.636
301628.SZ,20260420,111.0,114.6,109.82,112.99,110.68,2.31,2.0871,28001.62,316616.754
301629.SZ,20260420,286.36,295.0,285.0,292.89,289.28,3.61,1.2479,22116.17,639542.85
301630.SZ,20260420,220.0,220.0,214.0,216.38,221.9,-5.52,-2.4876,15382.53,333121.848
301631.SZ,20260420,104.0,105.62,100.6,101.52,104.03,-2.51,-2.4128,27171.42,278280.582
301632.SZ,20260420,21.22,21.45,21.11,21.37,21.22,0.15,0.7069,15795.22,33663.895
301633.SZ,20260420,62.89,64.02,62.67,63.94,63.08,0.86,1.3633,2949.0,18737.364
301636.SZ,20260420,73.02,73.68,71.42,72.26,73.99,-1.73,-2.3382,33062.16,238156.546
301638.SZ,20260420,28.03,28.46,27.79,28.3,28.6,-0.3,-1.049,346801.71,975209.756
301656.SZ,20260420,21.75,21.88,21.6,21.8,21.77,0.03,0.1378,62501.38,136015.062
301658.SZ,20260420,41.93,42.54,41.14,42.4,41.72,0.68,1.6299,92179.87,388339.355
301662.SZ,20260420,162.99,169.8,161.9,166.5,165.0,1.5,0.9091,30028.01,499566.217
301665.SZ,20260420,26.92,26.96,26.56,26.96,26.92,0.04,0.1486,21019.75,56390.189
301666.SZ,20260420,224.67,242.34,222.22,237.99,231.5,6.49,2.8035,110245.1,2566009.091
301667.SZ,20260420,100.0,101.66,99.3,100.72,99.67,1.05,1.0535,44732.47,448719.28
301668.SZ,20260420,51.6,52.0,51.1,51.95,51.65,0.3,0.5808,13912.5,71878.393
301678.SZ,20260420,64.28,64.3,63.55,63.9,63.96,-0.06,-0.0938,16232.91,103581.434
301680.SZ,20260420,104.6,106.2,104.31,105.39,104.48,0.91,0.871,19759.33,207963.238
301682.SZ,20260420,127.5,132.1,126.6,130.15,127.25,2.9,2.279,60919.25,789081.648
301683.SZ,20260420,125.0,130.42,122.3,130.0,124.3,5.7,4.5857,43942.53,558168.05
301687.SZ,20260420,58.3,61.05,58.1,59.6,58.51,1.09,1.8629,42882.91,255501.908
301696.SZ,20260420,102.13,105.77,99.5,102.0,105.28,-3.28,-3.1155,118107.14,1204857.727
302132.SZ,20260420,68.9,70.1,68.9,69.79,68.93,0.86,1.2476,66854.85,465416.083
600000.SH,20260420,9.85,9.91,9.78,9.78,9.86,-0.08,-0.8114,681169.17,669899.366
600004.SH,20260420,8.91,8.92,8.86,8.89,8.88,0.01,0.1126,66353.52,58987.549
600006.SH,20260420,6.38,6.52,6.36,6.45,6.39,0.06,0.939,135804.0,87587.56
600007.SH,20260420,21.5,21.71,21.4,21.4,21.5,-0.1,-0.4651,24612.5,53008.533
600008.SH,20260420,3.05,3.06,3.04,3.04,3.04,0.0,0.0,580955.69,177155.96
600009.SH,20260420,27.27,27.58,27.18,27.49,27.25,0.24,0.8807,68875.21,188623.87
600010.SH,20260420,2.84,2.9,2.77,2.88,2.86,0.02,0.6993,11290120.5,3208662.185
600011.SH,20260420,6.95,7.01,6.89,6.91,6.94,-0.03,-0.4323,1096226.28,759533.822
600012.SH,20260420,15.46,15.68,15.3,15.59,15.4,0.19,1.2338,44461.0,69085.53
600015.SH,20260420,7.14,7.23,7.11,7.2,7.14,0.06,0.8403,466550.3,335228.555
600016.SH,20260420,3.71,3.72,3.7,3.71,3.71,0.0,0.0,1254560.18,465899.705
600017.SH,20260420,2.97,2.98,2.96,2.97,2.98,-0.01,-0.3356,210997.61,62672.265
600018.SH,20260420,4.93,4.94,4.88,4.89,4.93,-0.04,-0.8114,755209.52,370041.412
600019.SH,20260420,6.31,6.31,6.24,6.25,6.3,-0.05,-0.7937,1068568.99,669791.036
600020.SH,20260420,3.8,3.81,3.77,3.8,3.8,0.0,0.0,73952.16,28027.858
600021.SH,20260420,17.73,18.05,17.69,18.03,17.73,0.3,1.692,350672.32,629398.8
600022.SH,20260420,1.5,1.52,1.49,1.51,1.51,0.0,0.0,783925.93,118244.253
600023.SH,20260420,5.5,5.62,5.48,5.61,5.51,0.1,1.8149,693764.98,386568.729
600025.SH,20260420,9.51,9.72,9.51,9.7,9.51,0.19,1.9979,331486.59,320372.622
600026.SH,20260420,22.13,22.53,21.66,22.28,21.95,0.33,1.5034,591031.14,1310998.735
600027.SH,20260420,4.65,4.69,4.64,4.69,4.64,0.05,1.0776,707194.08,330520.434
600028.SH,20260420,5.57,5.59,5.53,5.53,5.56,-0.03,-0.5396,2352067.31,1305754.961
600029.SH,20260420,5.72,5.82,5.7,5.81,5.71,0.1,1.7513,1990974.48,1148797.568
600030.SH,20260420,26.23,26.41,26.15,26.3,26.26,0.04,0.1523,966521.17,2539846.66
600031.SH,20260420,20.08,20.12,19.71,19.92,20.16,-0.24,-1.1905,712121.62,1412403.374
600032.SH,20260420,9.7,9.93,9.6,9.87,9.75,0.12,1.2308,665009.38,651659.623
600033.SH,20260420,3.72,3.73,3.64,3.65,3.7,-0.05,-1.3514,323998.59,118989.306
600035.SH,20260420,3.81,3.82,3.79,3.81,3.81,0.0,0.0,46803.2,17785.338
600036.SH,20260420,39.5,39.9,39.33,39.87,39.52,0.35,0.8856,588776.42,2337084.804
600037.SH,20260420,7.69,7.84,7.66,7.73,7.69,0.04,0.5202,121257.84,94212.937
600038.SH,20260420,34.08,34.33,34.02,34.2,34.06,0.14,0.411,52513.01,179536.123
600039.SH,20260420,9.69,10.02,9.65,9.87,9.67,0.2,2.0683,230221.66,227038.571
600048.SH,20260420,6.06,6.06,5.88,5.94,6.07,-0.13,-2.1417,1106579.1,656636.027
600050.SH,20260420,4.63,4.64,4.59,4.59,4.64,-0.05,-1.0776,1483184.38,683532.451
600051.SH,20260420,7.68,7.77,7.45,7.57,7.62,-0.05,-0.6562,103065.52,77641.841
600052.SH,20260420,3.77,3.82,3.73,3.8,3.77,0.03,0.7958,97262.0,36785.299
600053.SH,20260420,15.32,15.35,15.04,15.08,15.32,-0.24,-1.5666,42045.01,63520.523
600054.SH,20260420,12.21,12.33,12.07,12.27,12.26,0.01,0.0816,98416.77,120263.536
600055.SH,20260420,14.75,15.09,14.64,14.87,14.76,0.11,0.7453,43569.64,64842.969
600056.SH,20260420,10.68,10.84,10.61,10.82,10.7,0.12,1.1215,264030.36,283257.714
600057.SH,20260420,8.02,8.21,7.95,8.0,8.07,-0.07,-0.8674,148872.71,119481.075
600058.SH,20260420,11.13,11.4,11.08,11.28,11.14,0.14,1.2567,137924.26,155158.555
600059.SH,20260420,8.9,8.93,8.84,8.87,8.92,-0.05,-0.5605,65312.76,57978.931
600060.SH,20260420,22.81,22.97,22.68,22.84,22.92,-0.08,-0.349,82772.01,188866.711
600061.SH,20260420,6.89,6.91,6.8,6.84,6.89,-0.05,-0.7257,362293.18,248308.038
600062.SH,20260420,18.22,18.29,18.14,18.18,18.3,-0.12,-0.6557,82709.97,150384.057
600063.SH,20260420,7.03,7.07,6.97,7.06,7.03,0.03,0.4267,347100.0,243658.159
600064.SH,20260420,8.56,8.59,8.5,8.54,8.58,-0.04,-0.4662,115496.04,98702.489
600066.SH,20260420,36.04,36.66,35.5,35.98,36.04,-0.06,-0.1665,131214.53,470933.434
600067.SH,20260420,4.14,4.17,4.11,4.16,4.13,0.03,0.7264,191655.0,79344.518
600071.SH,20260420,20.85,21.2,20.81,20.98,21.17,-0.19,-0.8975,60688.86,127149.327
600072.SH,20260420,12.0,13.2,11.94,13.2,12.0,1.2,10.0,568120.65,724732.713
600073.SH,20260420,5.89,5.93,5.86,5.92,5.89,0.03,0.5093,71163.0,41967.66
600075.SH,20260420,6.1,6.18,6.01,6.14,6.15,-0.01,-0.1626,277666.57,169333.959
600076.SH,20260420,3.51,3.54,3.45,3.52,3.51,0.01,0.2849,162982.56,56910.033
600078.SH,20260420,12.94,12.99,12.35,12.46,13.01,-0.55,-4.2275,322198.0,403132.803
600079.SH,20260420,18.75,18.78,18.65,18.71,18.8,-0.09,-0.4787,91398.15,171087.92
600080.SH,20260420,8.09,8.26,7.94,8.23,8.1,0.13,1.6049,72604.24,58720.144
600081.SH,20260420,11.0,11.09,10.92,10.96,11.05,-0.09,-0.8145,32011.9,35186.015
600082.SH,20260420,2.89,2.97,2.87,2.92,2.91,0.01,0.3436,451534.0,131915.625
600084.SH,20260420,6.69,6.72,6.52,6.59,6.68,-0.09,-1.3473,70820.0,46800.258
600085.SH,20260420,27.74,27.79,27.63,27.73,27.73,0.0,0.0,34320.49,95084.71
600088.SH,20260420,14.61,14.81,14.57,14.71,14.66,0.05,0.3411,31442.47,46153.059
600089.SH,20260420,27.34,28.0,26.81,27.89,27.32,0.57,2.0864,2168588.72,5938315.457
600094.SH,20260420,4.69,4.81,4.63,4.74,4.71,0.03,0.6369,218948.0,103602.024
600095.SH,20260420,9.48,9.73,9.42,9.6,9.43,0.17,1.8028,322732.06,309800.532
600096.SH,20260420,33.22,33.54,32.93,33.36,33.36,0.0,0.0,421907.71,1401877.975
600097.SH,20260420,10.75,10.91,10.68,10.85,10.71,0.14,1.3072,30239.0,32604.497
600098.SH,20260420,6.98,7.02,6.97,6.99,7.01,-0.02,-0.2853,223458.0,156251.128
600099.SH,20260420,11.37,11.52,11.25,11.5,11.41,0.09,0.7888,45818.0,52145.151
600100.SH,20260420,8.32,8.59,8.28,8.49,8.33,0.16,1.9208,513205.25,435256.589
600101.SH,20260420,9.33,9.75,9.28,9.71,9.3,0.41,4.4086,378341.41,361571.606
600103.SH,20260420,4.28,4.73,4.26,4.73,4.3,0.43,10.0,5352320.27,2414419.63
600104.SH,20260420,13.94,13.95,13.86,13.9,13.92,-0.02,-0.1437,386581.27,537445.854
600105.SH,20260420,41.31,43.86,40.72,41.8,41.3,0.5,1.2107,1853074.93,7857995.758
600106.SH,20260420,6.24,6.24,6.07,6.12,6.23,-0.11,-1.7657,218598.05,133534.577
600107.SH,20260420,5.47,5.6,5.46,5.51,5.51,0.0,0.0,47175.4,26031.579
600108.SH,20260420,4.52,4.6,4.43,4.59,4.52,0.07,1.5487,850722.58,385729.291
600109.SH,20260420,8.66,8.68,8.6,8.61,8.65,-0.04,-0.4624,175740.1,151762.39
600110.SH,20260420,9.91,10.29,9.9,10.0,9.99,0.01,0.1001,1737319.71,1750818.693
600111.SH,20260420,49.3,50.9,48.73,50.89,49.22,1.67,3.3929,1339649.25,6728754.565
600113.SH,20260420,47.05,47.88,46.34,46.51,47.19,-0.68,-1.441,33341.82,156546.361
600114.SH,20260420,31.79,32.32,31.66,31.85,31.75,0.1,0.315,141772.04,452162.845
600115.SH,20260420,4.41,4.62,4.39,4.59,4.41,0.18,4.0816,3432203.45,1552641.503
600116.SH,20260420,6.75,6.8,6.6,6.63,6.75,-0.12,-1.7778,363912.85,242208.793
600117.SH,20260420,2.57,2.63,2.56,2.61,2.57,0.04,1.5564,148950.0,38771.302
600118.SH,20260420,85.99,94.52,85.99,94.52,85.93,8.59,9.9965,771789.3,7073679.847
600119.SH,20260420,5.96,6.06,5.92,6.03,5.96,0.07,1.1745,49724.0,29834.561
600120.SH,20260420,5.81,5.83,5.71,5.72,5.73,-0.01,-0.1745,530326.05,304554.169
600121.SH,20260420,4.1,4.18,4.08,4.17,4.09,0.08,1.956,391609.99,161875.146
600123.SH,20260420,6.18,6.25,6.14,6.21,6.18,0.03,0.4854,204340.5,126537.353
600125.SH,20260420,6.05,6.11,6.03,6.08,6.06,0.02,0.33,183372.98,111318.26
600126.SH,20260420,9.95,10.08,9.65,9.75,9.96,-0.21,-2.1084,1949397.66,1909825.692
600127.SH,20260420,7.03,7.1,7.0,7.1,6.98,0.12,1.7192,328281.0,231899.28
600128.SH,20260420,10.51,10.58,10.39,10.54,10.53,0.01,0.095,47505.0,49911.147
600129.SH,20260420,16.11,16.26,16.08,16.18,16.25,-0.07,-0.4308,43735.94,70754.336
600130.SH,20260420,4.64,4.69,4.55,4.67,4.67,0.0,0.0,173574.0,80356.255
600131.SH,20260420,18.31,18.67,18.21,18.54,18.31,0.23,1.2561,170128.0,314485.557
600132.SH,20260420,53.97,54.08,53.53,53.78,53.97,-0.19,-0.352,32075.97,172660.933
600133.SH,20260420,8.71,8.86,8.58,8.74,8.75,-0.01,-0.1143,312563.34,271489.751
600135.SH,20260420,11.2,11.28,11.02,11.19,11.13,0.06,0.5391,282775.41,315482.407
600136.SH,20260420,1.85,1.86,1.83,1.84,1.84,0.0,0.0,190498.0,35064.218
600137.SH,20260420,22.34,23.13,21.87,22.69,22.36,0.33,1.4758,47447.0,106399.934
600138.SH,20260420,9.3,9.34,9.26,9.33,9.31,0.02,0.2148,67509.17,62856.071
600141.SH,20260420,31.6,32.16,31.47,31.71,31.65,0.06,0.1896,173722.97,552892.033
600143.SH,20260420,17.3,17.36,17.01,17.12,17.29,-0.17,-0.9832,540711.96,926127.964
600148.SH,20260420,18.18,18.34,18.0,18.23,18.21,0.02,0.1098,15815.0,28755.168
600149.SH,20260420,5.87,6.34,5.84,6.34,5.76,0.58,10.0694,287935.0,177894.592
600150.SH,20260420,33.12,35.42,33.09,35.28,33.03,2.25,6.812,1796601.38,6198641.799
600151.SH,20260420,14.61,15.15,14.54,14.99,14.62,0.37,2.5308,1124831.16,1672027.969
600152.SH,20260420,14.31,15.29,13.63,13.93,13.9,0.03,0.2158,1369898.13,1957006.525
600153.SH,20260420,8.99,9.02,8.72,8.73,9.0,-0.27,-3.0,221931.73,195290.822
600155.SH,20260420,6.35,6.36,6.3,6.32,6.34,-0.02,-0.3155,151166.35,95693.63
600156.SH,20260420,9.28,10.19,9.28,10.19,9.26,0.93,10.0432,356662.17,356683.754
600157.SH,20260420,1.68,1.7,1.67,1.69,1.68,0.01,0.5952,5191027.05,875282.912
600158.SH,20260420,10.95,11.66,10.9,11.32,10.95,0.37,3.379,775315.79,879826.6
600159.SH,20260420,2.97,3.01,2.86,2.96,3.01,-0.05,-1.6611,260199.83,75926.492
600160.SH,20260420,33.9,35.3,33.58,34.46,33.79,0.67,1.9828,426286.92,1478445.59
600161.SH,20260420,15.2,15.2,15.02,15.06,15.18,-0.12,-0.7905,70076.33,105520.764
600162.SH,20260420,1.79,1.8,1.77,1.79,1.8,-0.01,-0.5556,316473.5,56554.514
600163.SH,20260420,6.08,6.14,6.06,6.13,6.04,0.09,1.4901,362238.53,221201.789
600165.SH,20260420,3.59,3.65,3.53,3.63,3.57,0.06,1.6807,56958.97,20556.73
600166.SH,20260420,3.44,3.48,3.37,3.4,3.45,-0.05,-1.4493,2519552.81,855490.917
600167.SH,20260420,6.59,6.99,6.58,6.79,6.59,0.2,3.0349,183456.96,125077.586
600168.SH,20260420,4.88,4.95,4.83,4.94,4.87,0.07,1.4374,76896.68,37584.653
600169.SH,20260420,2.39,2.43,2.38,2.43,2.4,0.03,1.25,147826.18,35567.776
600170.SH,20260420,2.72,2.74,2.7,2.72,2.73,-0.01,-0.3663,1241440.95,337360.294
600171.SH,20260420,27.87,28.13,27.8,27.94,27.87,0.07,0.2512,89192.05,249399.472
600172.SH,20260420,8.62,9.16,8.53,8.96,8.77,0.19,2.1665,1614846.17,1441464.99
600173.SH,20260420,8.05,8.19,7.62,7.68,7.99,-0.31,-3.8798,636405.0,503897.902
600176.SH,20260420,33.08,33.28,31.5,31.71,33.5,-1.79,-5.3433,1718986.58,5537118.419
600177.SH,20260420,7.29,7.37,7.27,7.31,7.3,0.01,0.137,152326.69,111467.897
600178.SH,20260420,11.32,11.59,11.31,11.49,11.39,0.1,0.878,38459.01,44135.593
600179.SH,20260420,4.48,4.62,4.48,4.52,4.47,0.05,1.1186,456277.06,207627.513
600180.SH,20260420,3.21,3.22,3.17,3.2,3.22,-0.02,-0.6211,110071.51,35172.622
600182.SH,20260420,14.66,14.72,14.53,14.65,14.61,0.04,0.2738,13865.0,20266.255
600183.SH,20260420,69.28,71.49,68.74,69.8,69.25,0.55,0.7942,564126.71,3954820.974
600184.SH,20260420,22.45,24.44,22.45,24.44,22.22,2.22,9.991,373170.38,896467.932
600185.SH,20260420,5.92,6.01,5.84,5.92,5.98,-0.06,-1.0033,235576.42,139294.034
600186.SH,20260420,7.91,7.96,7.81,7.87,7.89,-0.02,-0.2535,1682171.5,1322749.948
600187.SH,20260420,1.8,1.82,1.77,1.79,1.81,-0.02,-1.105,367374.86,65980.792
600188.SH,20260420,19.06,19.29,18.5,18.76,19.0,-0.24,-1.2632,487035.82,914307.911
600189.SH,20260420,7.64,8.08,7.63,8.05,7.63,0.42,5.5046,174773.9,138949.348
600191.SH,20260420,13.0,13.36,12.53,12.74,12.67,0.07,0.5525,128002.0,164860.923
600192.SH,20260420,8.37,8.47,8.31,8.45,8.36,0.09,1.0766,64031.17,53829.304
600193.SH,20260420,2.8,2.8,2.8,2.8,2.95,-0.15,-5.0847,27619.0,7733.32
600195.SH,20260420,7.88,7.94,7.81,7.94,7.82,0.12,1.5345,172709.41,136013.33
600196.SH,20260420,26.08,26.12,25.79,25.87,26.15,-0.28,-1.0707,150972.0,391140.915
600197.SH,20260420,11.93,12.03,11.9,11.93,11.95,-0.02,-0.1674,26375.0,31547.743
600198.SH,20260420,8.45,8.63,8.45,8.61,8.5,0.11,1.2941,132555.0,113664.926
600199.SH,20260420,8.04,8.11,8.01,8.11,8.06,0.05,0.6203,59830.91,48322.626
600201.SH,20260420,14.68,14.91,14.41,14.5,14.68,-0.18,-1.2262,202510.47,296445.947
600202.SH,20260420,5.87,5.95,5.81,5.93,5.85,0.08,1.3675,59568.97,35097.672
600203.SH,20260420,11.61,11.82,11.56,11.78,11.6,0.18,1.5517,156385.04,183710.963
600206.SH,20260420,23.67,25.62,23.58,25.62,23.29,2.33,10.0043,1073308.13,2686578.655
600207.SH,20260420,5.64,5.92,5.61,5.77,5.7,0.07,1.2281,456654.81,264997.219
600208.SH,20260420,3.58,3.81,3.53,3.71,3.58,0.13,3.6313,3073805.98,1130204.731
600210.SH,20260420,6.98,6.99,6.91,6.91,6.97,-0.06,-0.8608,168602.64,117045.864
600211.SH,20260420,41.81,41.82,41.36,41.39,41.89,-0.5,-1.1936,24321.84,100821.172
600212.SH,20260420,7.89,8.03,7.75,7.8,7.94,-0.14,-1.7632,342461.21,268983.064
600215.SH,20260420,6.55,6.56,6.45,6.53,6.56,-0.03,-0.4573,62878.44,40984.204
600216.SH,20260420,14.9,14.9,14.6,14.75,14.9,-0.15,-1.0067,217949.92,320200.413
600217.SH,20260420,3.78,3.79,3.75,3.77,3.79,-0.02,-0.5277,83958.8,31700.334
600218.SH,20260420,9.84,9.87,9.72,9.82,9.84,-0.02,-0.2033,63555.79,62286.265
600219.SH,20260420,6.37,6.37,6.17,6.21,6.39,-0.18,-2.8169,2818410.72,1751289.966
600221.SH,20260420,1.48,1.5,1.47,1.49,1.48,0.01,0.6757,4054043.68,603874.439
600222.SH,20260420,7.18,7.2,7.1,7.14,7.18,-0.04,-0.5571,127921.2,91500.642
600223.SH,20260420,6.73,6.74,6.68,6.7,6.74,-0.04,-0.5935,45793.64,30705.198
600226.SH,20260420,5.4,5.47,5.35,5.37,5.4,-0.03,-0.5556,565418.92,305147.152
600227.SH,20260420,3.46,3.51,3.34,3.51,3.46,0.05,1.4451,995418.44,343089.836
600228.SH,20260420,6.2,6.52,6.06,6.11,6.24,-0.13,-2.0833,122043.0,75579.329
600229.SH,20260420,6.02,6.05,5.92,6.03,5.99,0.04,0.6678,29254.01,17567.541
600230.SH,20260420,19.7,19.83,19.3,19.48,19.4,0.08,0.4124,96056.1,187844.112
600231.SH,20260420,2.1,2.15,2.09,2.1,2.1,0.0,0.0,167105.16,35187.526
600232.SH,20260420,8.69,8.79,8.3,8.58,8.8,-0.22,-2.5,176134.4,149695.127
600233.SH,20260420,20.81,21.1,20.68,20.83,21.04,-0.21,-0.9981,226690.77,472249.265
600234.SH,20260420,20.63,21.91,20.12,21.91,19.92,1.99,9.99,162759.74,351314.021
600235.SH,20260420,6.7,6.77,6.63,6.77,6.72,0.05,0.744,58867.0,39567.783
600236.SH,20260420,9.88,10.21,9.78,10.21,9.88,0.33,3.3401,253856.33,254569.344
600237.SH,20260420,9.34,9.4,9.25,9.32,9.33,-0.01,-0.1072,230454.79,215287.245
600238.SH,20260420,4.63,4.85,4.59,4.73,4.67,0.06,1.2848,94390.64,44663.797
600239.SH,20260420,2.05,2.05,2.02,2.04,2.05,-0.01,-0.4878,190506.64,38753.977
600241.SH,20260420,9.7,9.85,9.66,9.77,9.79,-0.02,-0.2043,56910.17,55415.269
600243.SH,20260420,3.7,3.89,3.67,3.89,3.7,0.19,5.1351,95428.51,36715.747
600246.SH,20260420,9.64,9.96,9.56,9.78,9.69,0.09,0.9288,475753.8,467223.273
600248.SH,20260420,3.46,3.47,3.43,3.43,3.47,-0.04,-1.1527,101136.23,34829.888
600249.SH,20260420,5.98,5.99,5.89,5.92,5.99,-0.07,-1.1686,174007.0,103056.933
600250.SH,20260420,11.51,11.87,11.51,11.68,11.51,0.17,1.477,228085.27,266907.305
600251.SH,20260420,11.4,11.4,11.1,11.29,11.42,-0.13,-1.1384,162595.56,182528.377
600252.SH,20260420,2.51,2.52,2.49,2.51,2.51,0.0,0.0,307766.0,77147.903
600255.SH,20260420,3.65,3.71,3.64,3.69,3.65,0.04,1.0959,516153.37,190090.196
600256.SH,20260420,6.17,6.23,6.1,6.14,6.15,-0.01,-0.1626,1172245.48,719924.649
600257.SH,20260420,6.38,6.6,6.34,6.41,6.38,0.03,0.4702,196090.5,126004.042
600258.SH,20260420,14.96,15.12,14.8,14.94,14.97,-0.03,-0.2004,156710.15,234394.442
600259.SH,20260420,95.66,105.0,95.66,103.77,97.33,6.44,6.6167,179844.85,1822974.491
600261.SH,20260420,3.72,3.75,3.67,3.7,3.72,-0.02,-0.5376,111640.0,41337.124
600262.SH,20260420,27.32,28.1,26.58,27.72,27.3,0.42,1.5385,90420.99,247939.955
600265.SH,20260420,20.32,20.59,20.02,20.5,20.32,0.18,0.8858,4455.0,9077.236
600266.SH,20260420,5.08,5.09,4.87,4.89,5.11,-0.22,-4.3053,720265.67,354140.665
600267.SH,20260420,11.15,11.23,11.01,11.17,11.24,-0.07,-0.6228,371907.48,413581.895
600268.SH,20260420,15.62,16.26,15.51,16.24,15.62,0.62,3.9693,549651.07,876325.579
600269.SH,20260420,4.44,4.47,4.44,4.44,4.45,-0.01,-0.2247,130938.0,58254.634
600271.SH,20260420,8.51,8.84,8.51,8.79,8.72,0.07,0.8028,259263.46,226784.201
600272.SH,20260420,12.34,12.37,12.23,12.34,12.27,0.07,0.5705,18695.0,22988.892
600273.SH,20260420,9.06,9.13,8.91,8.91,9.04,-0.13,-1.4381,182667.05,163989.87
600276.SH,20260420,56.33,56.68,55.83,56.34,56.33,0.01,0.0178,433048.62,2433980.876
600278.SH,20260420,7.28,7.29,7.18,7.28,7.32,-0.04,-0.5464,63351.03,45892.199
600279.SH,20260420,4.89,4.93,4.88,4.91,4.92,-0.01,-0.2033,53334.15,26145.782
600280.SH,20260420,3.1,3.12,3.06,3.11,3.12,-0.01,-0.3205,137030.0,42357.749
600281.SH,20260420,5.56,5.67,5.5,5.64,5.58,0.06,1.0753,108672.0,60900.821
600282.SH,20260420,5.7,5.77,5.63,5.63,5.73,-0.1,-1.7452,262643.02,149215.573
600283.SH,20260420,9.1,9.27,9.07,9.25,9.12,0.13,1.4254,50208.68,46079.87
600284.SH,20260420,7.5,7.73,7.38,7.58,7.51,0.07,0.9321,240626.39,181795.982
600285.SH,20260420,21.06,21.32,21.0,21.16,21.08,0.08,0.3795,65619.34,138824.794
600287.SH,20260420,5.73,5.79,5.69,5.78,5.71,0.07,1.2259,41921.0,24090.329
600288.SH,20260420,15.62,15.92,15.5,15.7,15.84,-0.14,-0.8838,147771.26,231865.047
600289.SH,20260420,7.36,7.45,7.13,7.27,7.44,-0.17,-2.2849,92489.0,67010.78
600292.SH,20260420,15.09,16.3,15.09,15.56,15.08,0.48,3.183,268720.42,422264.458
600293.SH,20260420,3.17,3.26,3.17,3.24,3.18,0.06,1.8868,239936.5,77537.422
600295.SH,20260420,15.25,15.39,14.7,14.8,15.29,-0.49,-3.2047,118745.29,177277.062
600298.SH,20260420,39.9,40.1,39.4,39.85,39.76,0.09,0.2264,56127.39,223168.776
600299.SH,20260420,14.01,14.12,13.15,13.19,14.05,-0.86,-6.121,282841.32,379146.207
600300.SH,20260420,3.57,3.58,3.51,3.55,3.58,-0.03,-0.838,360068.0,127253.635
600301.SH,20260420,50.6,54.48,50.6,51.85,50.51,1.34,2.6529,175442.77,922449.952
600302.SH,20260420,11.25,11.6,10.98,11.32,11.28,0.04,0.3546,108645.32,122256.933
600303.SH,20260420,3.03,3.08,2.99,3.06,3.04,0.02,0.6579,240315.0,72871.695
600305.SH,20260420,7.37,7.44,7.37,7.41,7.41,0.0,0.0,48477.84,35919.835
600307.SH,20260420,1.81,1.82,1.79,1.82,1.81,0.01,0.5525,668025.0,120816.975
600308.SH,20260420,3.76,3.78,3.73,3.76,3.77,-0.01,-0.2653,113117.8,42522.191
600309.SH,20260420,87.5,88.98,86.67,87.54,87.77,-0.23,-0.262,298399.15,2614408.235
600310.SH,20260420,4.41,4.67,4.39,4.62,4.41,0.21,4.7619,1524340.98,694253.257
600312.SH,20260420,20.15,21.42,20.02,21.24,19.91,1.33,6.6801,501504.92,1046183.934
600313.SH,20260420,7.4,7.48,7.34,7.44,7.34,0.1,1.3624,422326.04,313732.357
600315.SH,20260420,20.6,20.64,20.38,20.5,20.56,-0.06,-0.2918,38224.2,78379.796
600316.SH,20260420,40.04,41.02,39.88,40.09,40.21,-0.12,-0.2984,105557.21,426324.564
600318.SH,20260420,7.88,7.9,7.82,7.87,7.9,-0.03,-0.3797,99813.02,78387.315
600319.SH,20260420,7.29,7.69,7.29,7.59,7.44,0.15,2.0161,48730.63,36716.845
600320.SH,20260420,5.05,5.16,5.02,5.15,5.06,0.09,1.7787,380471.27,193762.906
600322.SH,20260420,2.4,2.42,2.38,2.41,2.41,0.0,0.0,151315.7,36366.596
600323.SH,20260420,28.48,29.15,28.38,28.99,28.5,0.49,1.7193,54995.0,158191.786
600325.SH,20260420,3.57,3.59,3.52,3.57,3.59,-0.02,-0.5571,328738.01,116813.667
600326.SH,20260420,9.28,9.35,9.23,9.34,9.29,0.05,0.5382,145142.08,135007.649
600327.SH,20260420,3.88,3.89,3.79,3.83,3.9,-0.07,-1.7949,176983.86,67568.033
600328.SH,20260420,8.51,8.57,8.37,8.41,8.54,-0.13,-1.5222,255451.44,215556.332
600329.SH,20260420,40.86,40.86,40.47,40.56,40.7,-0.14,-0.344,22908.14,93015.56
600330.SH,20260420,23.9,23.9,23.9,23.9,21.73,2.17,9.9862,309826.83,740486.124
600331.SH,20260420,16.59,17.4,16.55,17.13,16.59,0.54,3.255,620075.22,1061302.308
600332.SH,20260420,22.81,22.81,22.71,22.75,22.78,-0.03,-0.1317,74312.73,169154.984
600333.SH,20260420,5.18,5.26,5.15,5.26,5.17,0.09,1.7408,82532.19,43024.56
600335.SH,20260420,6.05,6.11,6.04,6.11,6.07,0.04,0.659,89889.52,54608.561
600336.SH,20260420,7.11,7.16,7.06,7.13,7.11,0.02,0.2813,53014.57,37809.512
600337.SH,20260420,3.48,3.49,3.29,3.4,3.43,-0.03,-0.8746,895744.18,301599.523
600338.SH,20260420,21.67,22.2,21.2,21.35,21.71,-0.36,-1.6582,773540.62,1663643.794
600339.SH,20260420,3.88,3.95,3.85,3.94,3.9,0.04,1.0256,1060426.59,414614.075
600340.SH,20260420,1.34,1.35,1.31,1.35,1.34,0.01,0.7463,902766.37,120251.075
600343.SH,20260420,35.67,37.87,35.3,37.39,35.67,1.72,4.822,789913.07,2924662.273
600345.SH,20260420,51.15,53.99,50.4,53.13,50.64,2.49,4.9171,327343.75,1716937.869
600346.SH,20260420,23.54,24.55,23.3,23.81,23.33,0.48,2.0574,317558.44,760038.413
600348.SH,20260420,9.3,9.49,9.26,9.48,9.3,0.18,1.9355,438923.96,412398.001
600350.SH,20260420,10.24,10.34,10.15,10.34,10.22,0.12,1.1742,38246.0,39216.361
600351.SH,20260420,6.61,6.65,6.56,6.64,6.63,0.01,0.1508,167188.0,110259.232
600352.SH,20260420,13.19,13.24,12.8,13.0,13.19,-0.19,-1.4405,449299.41,585634.935
600353.SH,20260420,15.86,16.64,15.58,16.56,15.6,0.96,6.1538,422282.71,682735.784
600354.SH,20260420,6.3,6.33,6.28,6.32,6.28,0.04,0.6369,170359.52,107363.631
600356.SH,20260420,9.47,10.02,9.38,9.83,9.49,0.34,3.5827,155445.74,151434.451
600358.SH,20260420,6.49,6.49,6.17,6.23,6.49,-0.26,-4.0062,242760.0,152081.88
600359.SH,20260420,6.97,7.02,6.92,7.02,6.97,0.05,0.7174,56877.12,39677.872
600360.SH,20260420,9.98,10.42,9.71,9.83,10.01,-0.18,-1.7982,424191.34,427652.171
600361.SH,20260420,4.45,4.53,4.39,4.49,4.48,0.01,0.2232,706614.82,314194.865
600362.SH,20260420,47.0,47.5,46.37,46.66,46.75,-0.09,-0.1925,402297.34,1882919.021
600363.SH,20260420,53.86,54.5,53.4,54.29,53.85,0.44,0.8171,78987.17,426625.766
600365.SH,20260420,3.07,3.15,3.05,3.15,3.08,0.07,2.2727,65373.0,20239.018
600366.SH,20260420,12.6,12.81,12.56,12.74,12.61,0.13,1.0309,197574.41,251214.799
600367.SH,20260420,21.57,23.5,21.55,22.37,21.36,1.01,4.7285,615754.17,1390406.812
600368.SH,20260420,3.86,3.87,3.84,3.87,3.9,-0.03,-0.7692,118779.45,45783.7
600369.SH,20260420,4.23,4.25,4.2,4.21,4.23,-0.02,-0.4728,257345.82,108585.316
600370.SH,20260420,2.41,2.46,2.41,2.45,2.4,0.05,2.0833,563132.55,137189.847
600371.SH,20260420,8.65,8.79,8.64,8.77,8.64,0.13,1.5046,51359.62,44838.456
600372.SH,20260420,13.2,13.45,13.2,13.4,13.24,0.16,1.2085,402577.22,537426.414
600373.SH,20260420,8.33,8.48,8.27,8.35,8.49,-0.14,-1.649,161866.0,134889.254
600375.SH,20260420,5.22,5.29,5.2,5.29,5.22,0.07,1.341,195122.25,102652.632
600376.SH,20260420,4.8,4.8,4.75,4.78,4.88,-0.1,-2.0492,493534.26,235565.261
600377.SH,20260420,11.8,11.82,11.68,11.79,11.75,0.04,0.3404,52834.33,62004.855
600378.SH,20260420,32.91,33.52,32.12,33.11,32.8,0.31,0.9451,111124.54,366492.074
600379.SH,20260420,11.87,11.92,11.72,11.91,11.85,0.06,0.5063,62154.88,73490.583
600380.SH,20260420,11.06,11.08,10.96,10.96,11.09,-0.13,-1.1722,135993.32,149619.615
600381.SH,20260420,2.94,2.95,2.83,2.95,2.81,0.14,4.9822,95126.56,27797.557
600382.SH,20260420,10.15,10.2,9.71,9.76,10.14,-0.38,-3.7475,336981.36,331801.569
600383.SH,20260420,2.83,2.84,2.77,2.79,2.84,-0.05,-1.7606,618189.28,172324.241
600386.SH,20260420,4.0,4.09,3.96,4.07,4.01,0.06,1.4963,103307.0,41672.362
600388.SH,20260420,18.88,19.11,18.76,18.99,18.84,0.15,0.7962,129745.87,246025.265
600389.SH,20260420,28.3,28.52,26.85,28.48,28.27,0.21,0.7428,102778.53,288390.874
600390.SH,20260420,5.31,5.43,5.3,5.36,5.33,0.03,0.5629,286640.2,153725.496
600391.SH,20260420,40.39,43.17,39.9,42.11,40.18,1.93,4.8034,278093.51,1164984.974
600392.SH,20260420,26.01,26.99,25.81,26.91,26.18,0.73,2.7884,940863.42,2497232.396
600395.SH,20260420,5.65,5.72,5.6,5.69,5.71,-0.02,-0.3503,177274.76,100333.945
600396.SH,20260420,7.06,7.51,6.9,7.39,7.14,0.25,3.5014,2468597.37,1788787.451
600397.SH,20260420,14.95,15.29,14.87,15.01,15.15,-0.14,-0.9241,494678.97,743037.527
600398.SH,20260420,6.74,6.74,6.62,6.63,6.74,-0.11,-1.632,277029.71,184683.585
600399.SH,20260420,5.91,6.09,5.89,6.02,5.91,0.11,1.8613,499574.66,299907.372
600400.SH,20260420,2.01,2.05,2.0,2.04,2.01,0.03,1.4925,278805.75,56579.825
600403.SH,20260420,5.67,5.8,5.66,5.76,5.67,0.09,1.5873,203825.18,117025.355
600405.SH,20260420,5.2,5.24,5.16,5.23,5.21,0.02,0.3839,99156.07,51427.31
600406.SH,20260420,26.86,27.3,26.67,27.24,26.81,0.43,1.6039,1007729.64,2719433.114
600408.SH,20260420,3.13,3.17,3.09,3.17,3.13,0.04,1.278,378673.2,118770.083
600409.SH,20260420,6.96,7.2,6.85,7.05,6.97,0.08,1.1478,306358.0,216334.121
600410.SH,20260420,29.4,29.88,28.82,28.99,28.94,0.05,0.1728,2065205.5,6042065.095
600415.SH,20260420,12.16,12.56,12.12,12.36,12.17,0.19,1.5612,985424.53,1219444.879
600416.SH,20260420,12.33,12.57,12.24,12.49,12.33,0.16,1.2976,226649.28,282146.02
600418.SH,20260420,46.98,47.43,45.82,46.56,46.51,0.05,0.1075,315983.5,1476085.408
600419.SH,20260420,9.75,9.75,9.41,9.45,9.75,-0.3,-3.0769,61923.5,58813.294
600420.SH,20260420,9.83,9.84,9.7,9.73,9.81,-0.08,-0.8155,101067.84,98476.408
600421.SH,20260420,5.16,5.36,5.16,5.29,5.43,-0.14,-2.5783,82573.0,42967.926
600422.SH,20260420,11.14,11.21,11.13,11.15,11.17,-0.02,-0.1791,48509.4,54104.623
600423.SH,20260420,2.73,2.75,2.66,2.72,2.71,0.01,0.369,379692.02,102952.305
600425.SH,20260420,4.03,4.06,4.0,4.06,4.06,0.0,0.0,201135.36,81056.985
600426.SH,20260420,35.3,35.66,34.83,35.03,35.34,-0.31,-0.8772,185144.73,650602.556
600428.SH,20260420,9.04,9.2,8.9,8.95,9.04,-0.09,-0.9956,265535.29,238733.807
600429.SH,20260420,5.73,5.84,5.71,5.79,5.77,0.02,0.3466,90522.2,52220.971
600433.SH,20260420,3.66,4.04,3.61,4.04,3.67,0.37,10.0817,910151.64,355829.902
600435.SH,20260420,15.03,15.46,14.92,15.38,15.03,0.35,2.3287,397911.73,609631.462
600436.SH,20260420,146.3,146.3,144.55,145.08,146.31,-1.23,-0.8407,26429.7,383525.369
600438.SH,20260420,17.8,18.71,17.6,18.24,17.61,0.63,3.5775,1028633.76,1867685.003
600439.SH,20260420,2.52,2.54,2.48,2.52,2.53,-0.01,-0.3953,167393.46,42004.632
600444.SH,20260420,17.82,17.97,17.62,17.95,17.76,0.19,1.0698,27748.0,49552.691
600446.SH,20260420,12.76,12.77,12.43,12.48,12.76,-0.28,-2.1944,171416.77,215245.109
600448.SH,20260420,3.25,3.3,3.21,3.29,3.25,0.04,1.2308,157008.61,51264.881
600449.SH,20260420,12.81,12.87,12.66,12.75,12.9,-0.15,-1.1628,44955.68,57175.912
600452.SH,20260420,11.94,12.22,11.82,12.01,11.95,0.06,0.5021,341740.0,410817.982
600455.SH,20260420,25.69,25.78,25.4,25.76,25.62,0.14,0.5464,13796.96,35413.672
600456.SH,20260420,34.89,35.38,34.8,35.3,34.78,0.52,1.4951,98535.37,346729.81
600458.SH,20260420,11.98,11.99,11.8,11.93,11.98,-0.05,-0.4174,90846.02,108029.455
600459.SH,20260420,21.15,21.66,21.14,21.55,21.18,0.37,1.7469,176896.44,379462.971
600460.SH,20260420,26.95,27.47,26.94,27.35,26.94,0.41,1.5219,281833.3,769875.262
600461.SH,20260420,9.82,9.87,9.72,9.75,9.83,-0.08,-0.8138,91150.03,89205.657
600463.SH,20260420,10.06,10.1,9.92,10.05,10.07,-0.02,-0.1986,22578.0,22609.012
600467.SH,20260420,2.39,2.43,2.38,2.42,2.4,0.02,0.8333,206892.2,49756.168
600468.SH,20260420,7.9,8.2,7.83,8.19,7.94,0.25,3.1486,539403.85,437587.305
600469.SH,20260420,7.09,7.23,7.02,7.15,7.1,0.05,0.7042,148920.58,106359.333
600470.SH,20260420,6.77,6.9,6.71,6.86,6.78,0.08,1.1799,232476.0,158807.126
600475.SH,20260420,17.8,18.18,17.48,17.89,17.81,0.08,0.4492,136256.2,242101.508
600476.SH,20260420,11.18,11.3,11.07,11.25,11.26,-0.01,-0.0888,53481.01,59854.819
600477.SH,20260420,3.08,3.13,3.04,3.13,3.08,0.05,1.6234,484219.87,149717.758
600478.SH,20260420,7.69,7.78,7.63,7.67,7.71,-0.04,-0.5188,373814.75,287220.767
600479.SH,20260420,10.56,10.59,10.42,10.5,10.59,-0.09,-0.8499,73230.8,76637.473
600480.SH,20260420,11.48,11.58,11.29,11.36,11.54,-0.18,-1.5598,423584.48,483136.254
600481.SH,20260420,6.48,6.63,6.45,6.58,6.49,0.09,1.3867,645483.34,423934.638
600482.SH,20260420,38.21,39.7,37.52,38.2,38.21,-0.01,-0.0262,437441.78,1687051.487
600483.SH,20260420,10.25,10.38,10.18,10.25,10.22,0.03,0.2935,226644.77,233492.643
600486.SH,20260420,71.0,72.08,69.51,71.3,71.6,-0.3,-0.419,75841.62,538559.913
600487.SH,20260420,58.35,60.99,57.5,60.89,55.65,5.24,9.416,2218725.93,13239760.047
600488.SH,20260420,6.0,6.48,5.96,6.41,6.06,0.35,5.7756,1494179.19,930557.742
600489.SH,20260420,26.93,27.64,26.93,27.05,26.9,0.15,0.5576,491915.24,1340380.706
600490.SH,20260420,8.48,9.07,8.46,8.88,8.48,0.4,4.717,767287.76,677520.593
600491.SH,20260420,2.23,2.28,2.13,2.16,2.26,-0.1,-4.4248,790651.0,172144.847
600493.SH,20260420,7.46,7.51,7.34,7.48,7.46,0.02,0.2681,67813.0,50318.893
600495.SH,20260420,4.37,4.53,4.35,4.5,4.37,0.13,2.9748,305613.14,135860.242
600496.SH,20260420,3.9,3.92,3.71,3.75,3.88,-0.13,-3.3505,963102.66,363942.55
600497.SH,20260420,8.86,9.43,8.86,9.18,8.85,0.33,3.7288,2018969.28,1849720.056
600498.SH,20260420,50.6,53.88,50.59,52.97,49.27,3.7,7.5096,1323370.87,6929799.84
600499.SH,20260420,18.13,18.25,17.66,17.67,18.13,-0.46,-2.5372,251277.3,449373.879
600500.SH,20260420,4.29,4.29,4.18,4.24,4.28,-0.04,-0.9346,408293.53,172451.968
600501.SH,20260420,23.55,24.55,23.35,24.44,23.57,0.87,3.6911,140345.3,339659.028
600502.SH,20260420,5.91,5.94,5.82,5.89,5.95,-0.06,-1.0084,437840.2,257882.861
600503.SH,20260420,2.34,2.35,2.31,2.33,2.35,-0.02,-0.8511,241376.87,56148.298
600505.SH,20260420,12.93,13.35,12.85,13.28,12.92,0.36,2.7864,125302.92,164401.139
600506.SH,20260420,21.02,21.32,21.01,21.17,21.02,0.15,0.7136,35033.0,74219.971
600507.SH,20260420,6.02,6.2,6.01,6.06,6.01,0.05,0.8319,495127.82,303060.142
600508.SH,20260420,12.66,12.83,12.6,12.76,12.66,0.1,0.7899,65543.0,83335.441
600509.SH,20260420,7.9,7.94,7.84,7.85,7.9,-0.05,-0.6329,250076.0,197076.41
600510.SH,20260420,9.2,9.76,9.08,9.65,9.16,0.49,5.3493,215662.13,205957.434
600511.SH,20260420,28.64,28.68,28.41,28.5,28.68,-0.18,-0.6276,49658.3,141447.141
600512.SH,20260420,2.52,2.52,2.45,2.47,2.52,-0.05,-1.9841,403344.0,99738.017
600513.SH,20260420,20.98,21.4,20.66,21.33,21.12,0.21,0.9943,167123.35,354103.942
600515.SH,20260420,3.63,3.65,3.6,3.64,3.63,0.01,0.2755,638226.47,231202.865
600516.SH,20260420,5.59,5.64,5.55,5.59,5.59,0.0,0.0,370794.36,207514.309
600517.SH,20260420,6.47,6.49,6.38,6.43,6.47,-0.04,-0.6182,281289.4,181045.786
600518.SH,20260420,1.76,1.78,1.74,1.75,1.75,0.0,0.0,1584108.48,278289.882
600519.SH,20260420,1403.0,1413.94,1400.0,1410.89,1407.24,3.65,0.2594,36451.39,5127146.041
600520.SH,20260420,27.54,27.84,26.66,27.73,27.81,-0.08,-0.2877,122026.0,333752.472
600521.SH,20260420,16.61,16.82,16.38,16.43,16.88,-0.45,-2.6659,360540.57,593886.651
600522.SH,20260420,28.9,30.95,28.83,30.95,28.14,2.81,9.9858,2247838.34,6813994.827
600523.SH,20260420,14.11,14.28,14.08,14.26,14.15,0.11,0.7774,27696.0,39314.401
600525.SH,20260420,5.29,5.31,5.15,5.27,5.28,-0.01,-0.1894,131758.8,68928.051
600526.SH,20260420,5.34,5.4,5.24,5.37,5.37,0.0,0.0,129034.2,68912.928
600527.SH,20260420,2.69,2.76,2.64,2.74,2.69,0.05,1.8587,1607148.0,435249.669
600528.SH,20260420,7.89,7.94,7.85,7.92,7.88,0.04,0.5076,142214.12,112452.086
600529.SH,20260420,18.57,18.65,18.53,18.55,18.56,-0.01,-0.0539,37339.0,69366.345
600530.SH,20260420,5.19,5.23,5.11,5.23,5.2,0.03,0.5769,87069.0,45106.975
600531.SH,20260420,14.64,15.51,14.64,15.29,14.63,0.66,4.5113,1105581.05,1673639.237
600533.SH,20260420,2.45,2.45,2.36,2.4,2.42,-0.02,-0.8264,148253.0,35514.903
600535.SH,20260420,14.25,14.31,14.1,14.16,14.25,-0.09,-0.6316,61176.6,86774.788
600536.SH,20260420,37.62,38.26,37.62,37.96,37.69,0.27,0.7164,107484.97,408334.889
600537.SH,20260420,3.96,3.99,3.62,3.67,4.02,-0.35,-8.7065,2753894.09,1014800.152
600538.SH,20260420,6.61,6.83,6.61,6.82,6.61,0.21,3.177,220415.59,148726.041
600539.SH,20260420,17.36,17.47,16.41,16.58,17.07,-0.49,-2.8705,180989.01,303376.082
600540.SH,20260420,4.75,4.88,4.74,4.88,4.75,0.13,2.7368,168684.0,81426.875
600543.SH,20260420,4.76,4.86,4.75,4.86,4.78,0.08,1.6736,63011.88,30339.978
600545.SH,20260420,4.3,4.5,4.25,4.38,4.34,0.04,0.9217,1189501.93,524077.405
600546.SH,20260420,11.97,12.28,11.7,11.96,11.66,0.3,2.5729,515108.63,619197.562
600547.SH,20260420,38.45,39.14,37.88,38.12,38.44,-0.32,-0.8325,519189.25,1994619.227
600548.SH,20260420,9.16,9.17,9.06,9.09,9.16,-0.07,-0.7642,33758.0,30728.919
600549.SH,20260420,62.26,65.0,62.26,63.65,62.85,0.8,1.2729,817097.45,5209990.292
600550.SH,20260420,15.7,16.37,15.56,16.37,15.7,0.67,4.2675,1092117.61,1750990.811
600551.SH,20260420,8.15,8.32,8.15,8.27,8.22,0.05,0.6083,41880.96,34637.003
600552.SH,20260420,15.01,15.46,14.86,15.03,15.02,0.01,0.0666,1303284.43,1972856.762
600556.SH,20260420,6.19,6.39,6.17,6.34,6.2,0.14,2.2581,569621.77,360358.909
600557.SH,20260420,13.94,13.96,13.84,13.86,13.92,-0.06,-0.431,35537.4,49379.93
600558.SH,20260420,5.41,5.45,5.38,5.45,5.41,0.04,0.7394,128321.16,69538.612
600559.SH,20260420,13.46,13.52,13.41,13.45,13.49,-0.04,-0.2965,60008.2,80847.782
600560.SH,20260420,14.58,14.68,14.42,14.62,14.48,0.14,0.9669,18041.0,26289.313
600561.SH,20260420,6.68,6.81,6.55,6.77,6.66,0.11,1.6517,100502.88,67372.817
600562.SH,20260420,28.57,29.03,28.1,28.28,28.5,-0.22,-0.7719,141723.74,402882.359
600563.SH,20260420,127.34,127.34,124.89,126.0,127.34,-1.34,-1.0523,61804.36,778026.686
600566.SH,20260420,24.94,24.94,24.58,24.82,24.9,-0.08,-0.3213,44211.79,109233.531
600567.SH,20260420,1.52,1.54,1.52,1.53,1.53,0.0,0.0,442806.03,67569.996
600568.SH,20260420,2.95,2.99,2.91,2.92,2.95,-0.03,-1.0169,117979.0,34557.457
600569.SH,20260420,2.16,2.18,2.14,2.17,2.16,0.01,0.463,168531.78,36465.217
600570.SH,20260420,26.8,26.9,26.57,26.71,26.63,0.08,0.3004,214626.14,573987.929
600571.SH,20260420,13.66,13.69,13.56,13.65,13.63,0.02,0.1467,51816.0,70674.835
600572.SH,20260420,4.64,4.72,4.57,4.7,4.68,0.02,0.4274,1500161.47,693619.505
600573.SH,20260420,12.22,12.56,12.1,12.52,12.16,0.36,2.9605,115411.6,143481.049
600575.SH,20260420,3.61,3.64,3.59,3.6,3.62,-0.02,-0.5525,486549.18,175786.017
600576.SH,20260420,6.02,6.06,5.94,6.03,6.0,0.03,0.5,100950.65,60632.849
600577.SH,20260420,13.14,13.35,13.02,13.31,13.25,0.06,0.4528,597984.32,790771.747
600578.SH,20260420,5.3,5.34,5.26,5.32,5.3,0.02,0.3774,267510.27,141731.963
600579.SH,20260420,7.95,8.02,7.86,8.0,7.95,0.05,0.6289,42084.0,33465.025
600580.SH,20260420,38.85,38.99,38.37,38.7,38.81,-0.11,-0.2834,353081.9,1368220.538
600581.SH,20260420,3.0,3.02,2.88,2.9,3.03,-0.13,-4.2904,491704.94,143978.217
600582.SH,20260420,5.71,5.73,5.69,5.7,5.71,-0.01,-0.1751,188100.42,107478.696
600583.SH,20260420,6.97,7.01,6.84,6.99,7.01,-0.02,-0.2853,551473.43,381354.383
600584.SH,20260420,44.0,45.0,43.49,44.49,43.98,0.51,1.1596,611808.08,2719345.386
600585.SH,20260420,22.18,22.19,21.96,22.08,22.22,-0.14,-0.6301,307293.76,678420.584
600586.SH,20260420,5.47,5.87,5.44,5.7,5.42,0.28,5.1661,844385.38,479129.948
600587.SH,20260420,14.2,14.26,14.16,14.17,14.24,-0.07,-0.4916,53659.33,76193.813
600588.SH,20260420,12.32,12.64,12.29,12.52,12.38,0.14,1.1309,400594.1,500980.757
600589.SH,20260420,11.1,11.26,11.01,11.13,11.2,-0.07,-0.625,1181270.69,1311247.232
600590.SH,20260420,17.0,17.42,17.0,17.42,15.84,1.58,9.9747,407295.77,708116.577
600592.SH,20260420,20.3,20.56,20.1,20.5,20.24,0.26,1.2846,72363.46,147784.061
600593.SH,20260420,36.22,36.3,35.56,36.16,36.34,-0.18,-0.4953,27008.0,97349.95
600594.SH,20260420,4.52,4.63,4.4,4.58,4.5,0.08,1.7778,821217.0,373618.97
600595.SH,20260420,8.73,8.79,8.48,8.54,8.85,-0.31,-3.5028,709386.74,609076.292
600596.SH,20260420,12.12,12.32,12.04,12.19,12.1,0.09,0.7438,194199.88,236836.748
600597.SH,20260420,7.44,7.46,7.4,7.44,7.44,0.0,0.0,53628.33,39834.555
600598.SH,20260420,16.2,16.26,15.96,16.16,16.15,0.01,0.0619,225861.47,363844.448
600599.SH,20260420,3.92,4.01,3.91,3.91,4.12,-0.21,-5.0971,44283.11,17386.527
600600.SH,20260420,61.91,62.06,61.62,61.91,61.95,-0.04,-0.0646,31237.63,193305.971
600601.SH,20260420,11.08,11.75,11.08,11.75,10.68,1.07,10.0187,1996869.43,2328033.828
600602.SH,20260420,24.16,24.36,23.55,23.72,24.08,-0.36,-1.495,756745.43,1805441.553
600603.SH,20260420,7.06,7.22,6.92,6.96,7.1,-0.14,-1.9718,138979.0,97771.607
600604.SH,20260420,4.85,4.85,4.79,4.84,4.88,-0.04,-0.8197,78156.17,37700.006
600605.SH,20260420,31.01,31.18,29.56,30.33,30.84,-0.51,-1.6537,81816.47,248212.863
600606.SH,20260420,1.48,1.49,1.46,1.47,1.48,-0.01,-0.6757,646523.37,94974.692
600608.SH,20260420,2.3,2.36,2.23,2.29,2.3,-0.01,-0.4348,42402.23,9680.869
600609.SH,20260420,4.09,4.09,4.05,4.07,4.09,-0.02,-0.489,113155.76,46040.505
600610.SH,20260420,9.18,9.28,9.15,9.27,9.19,0.08,0.8705,141025.77,130373.001
600611.SH,20260420,4.7,4.75,4.68,4.75,4.72,0.03,0.6356,128336.69,60636.03
600612.SH,20260420,41.58,41.78,41.16,41.27,41.57,-0.3,-0.7217,11547.3,47835.353
600613.SH,20260420,6.01,6.01,5.73,5.86,5.96,-0.1,-1.6779,158030.0,91876.106
600615.SH,20260420,11.44,11.57,11.15,11.47,11.44,0.03,0.2622,35242.8,39986.181
600616.SH,20260420,5.0,5.01,4.95,4.98,5.01,-0.03,-0.5988,60296.3,29979.606
600617.SH,20260420,3.18,3.22,3.15,3.21,3.19,0.02,0.627,307243.2,98025.844
600618.SH,20260420,12.75,12.87,12.61,12.71,12.71,0.0,0.0,69995.58,89110.9
600619.SH,20260420,17.61,17.9,17.55,17.76,17.82,-0.06,-0.3367,283116.96,501406.199
600620.SH,20260420,6.05,6.1,5.97,6.09,6.04,0.05,0.8278,56209.98,33998.719
600621.SH,20260420,14.35,14.48,14.19,14.26,14.18,0.08,0.5642,115462.37,165183.976
600622.SH,20260420,2.6,2.62,2.56,2.58,2.61,-0.03,-1.1494,170999.77,44067.704
600623.SH,20260420,10.1,10.1,9.8,9.87,10.0,-0.13,-1.3,235669.78,233675.156
600624.SH,20260420,4.54,4.55,4.5,4.5,4.55,-0.05,-1.0989,37163.01,16780.248
600626.SH,20260420,3.91,3.94,3.88,3.92,3.9,0.02,0.5128,101429.72,39677.477
600628.SH,20260420,7.17,7.2,7.1,7.2,7.15,0.05,0.6993,75391.53,53901.207
600629.SH,20260420,21.2,21.48,20.8,21.07,21.33,-0.26,-1.2189,203265.54,429337.809
600630.SH,20260420,7.99,8.0,7.93,8.0,7.98,0.02,0.2506,32659.76,25998.425
600633.SH,20260420,12.96,13.16,12.93,13.11,12.97,0.14,1.0794,227592.86,297499.703
600635.SH,20260420,5.38,5.44,5.36,5.44,5.38,0.06,1.1152,315417.45,170715.744
600636.SH,20260420,5.79,5.94,5.79,5.79,6.09,-0.3,-4.9261,306768.39,177876.12
600637.SH,20260420,9.96,10.05,9.88,9.99,10.0,-0.01,-0.1,428710.91,427623.169
600638.SH,20260420,5.95,5.98,5.83,5.98,5.95,0.03,0.5042,62585.25,36988.33
600639.SH,20260420,11.15,11.23,11.05,11.18,11.16,0.02,0.1792,74370.8,82791.015
600640.SH,20260420,12.05,12.54,12.04,12.23,12.06,0.17,1.4096,86539.0,106148.077
600641.SH,20260420,24.22,25.33,24.01,24.85,24.29,0.56,2.3055,763637.73,1890244.849
600642.SH,20260420,9.15,9.24,9.1,9.17,9.16,0.01,0.1092,205367.41,188219.91
600643.SH,20260420,5.02,5.02,4.88,4.94,5.04,-0.1,-1.9841,341764.59,168746.422
600644.SH,20260420,11.31,12.0,11.31,11.98,11.41,0.57,4.9956,469488.48,550640.336
600645.SH,20260420,28.15,28.88,28.07,28.53,28.32,0.21,0.7415,92491.83,264179.188
600648.SH,20260420,10.63,10.73,10.56,10.64,10.69,-0.05,-0.4677,31787.93,33778.309
600649.SH,20260420,4.39,4.4,4.31,4.33,4.42,-0.09,-2.0362,328129.7,142272.527
600650.SH,20260420,12.76,12.92,12.73,12.91,12.8,0.11,0.8594,27870.42,35811.113
600651.SH,20260420,6.82,6.94,6.77,6.78,6.85,-0.07,-1.0219,206828.4,141250.782
600653.SH,20260420,1.75,1.76,1.74,1.76,1.75,0.01,0.5714,118635.12,20782.339
600654.SH,20260420,4.39,4.48,4.22,4.27,4.47,-0.2,-4.4743,3062089.43,1312826.2
600655.SH,20260420,5.1,5.12,4.99,5.01,5.13,-0.12,-2.3392,273919.13,137996.356
600657.SH,20260420,3.12,3.12,3.04,3.05,3.12,-0.07,-2.2436,190956.41,58436.418
600658.SH,20260420,5.04,5.08,4.93,4.97,5.07,-0.1,-1.9724,206164.88,102660.993
600660.SH,20260420,58.99,60.97,58.8,60.16,58.79,1.37,2.3303,184588.19,1113613.251
600661.SH,20260420,9.72,9.78,9.68,9.76,9.72,0.04,0.4115,24325.0,23680.373
600662.SH,20260420,5.12,5.17,5.09,5.13,5.1,0.03,0.5882,101579.63,52168.135
600663.SH,20260420,7.99,7.99,7.8,7.81,7.95,-0.14,-1.761,68060.38,53484.724
600664.SH,20260420,4.05,4.34,4.03,4.28,4.17,0.11,2.6379,3621555.9,1504194.049
600665.SH,20260420,3.24,3.25,3.14,3.23,3.23,0.0,0.0,96053.23,30673.97
600666.SH,20260420,7.07,7.57,7.07,7.16,7.09,0.07,0.9873,7028012.43,5102775.735
600667.SH,20260420,9.93,10.23,9.93,10.02,9.95,0.07,0.7035,1086628.88,1093264.762
600668.SH,20260420,11.68,12.01,11.55,11.96,11.51,0.45,3.9096,217760.23,257874.435
600671.SH,20260420,18.78,19.95,18.78,19.78,19.48,0.3,1.54,30159.0,58984.902
600673.SH,20260420,34.71,35.0,33.4,33.6,35.05,-1.45,-4.1369,773411.93,2621741.793
600674.SH,20260420,14.85,15.48,14.83,15.05,14.52,0.53,3.6501,686745.35,1040061.755
600675.SH,20260420,2.66,2.67,2.63,2.65,2.67,-0.02,-0.7491,243501.99,64394.448
600676.SH,20260420,7.98,8.05,7.87,7.93,7.95,-0.02,-0.2516,110863.3,88038.666
600678.SH,20260420,10.5,10.83,10.42,10.79,10.47,0.32,3.0564,156563.0,167558.222
600679.SH,20260420,11.32,11.44,11.28,11.42,11.4,0.02,0.1754,25417.01,28989.723
600681.SH,20260420,3.98,4.0,3.97,4.0,3.98,0.02,0.5025,169248.21,67544.393
600682.SH,20260420,7.06,7.13,6.92,7.11,7.07,0.04,0.5658,166710.24,117033.485
600683.SH,20260420,12.51,12.51,11.21,12.05,11.99,0.06,0.5004,764599.82,916858.863
600684.SH,20260420,4.61,4.72,4.57,4.68,4.61,0.07,1.5184,160011.45,74334.062
600685.SH,20260420,29.97,30.73,29.85,30.66,29.63,1.03,3.4762,279967.18,850610.107
600686.SH,20260420,15.95,17.12,15.9,16.96,16.05,0.91,5.6698,309620.01,515922.893
600688.SH,20260420,2.82,2.85,2.81,2.82,2.82,0.0,0.0,399088.25,112790.721
600689.SH,20260420,13.85,13.85,13.51,13.68,13.75,-0.07,-0.5091,41122.0,56026.106
600690.SH,20260420,20.84,20.94,20.75,20.77,20.85,-0.08,-0.3837,450679.86,938382.481
600691.SH,20260420,3.1,3.15,3.06,3.12,3.11,0.01,0.3215,429008.93,133447.31
600692.SH,20260420,7.41,7.54,7.34,7.5,7.36,0.14,1.9022,85141.01,63307.635
600693.SH,20260420,11.72,12.15,11.58,12.0,11.91,0.09,0.7557,885630.84,1053998.678
600694.SH,20260420,16.99,16.99,16.82,16.84,16.98,-0.14,-0.8245,16083.21,27152.825
600696.SH,20260420,1.12,1.13,1.04,1.13,1.08,0.05,4.6296,114120.27,12622.876
600697.SH,20260420,11.69,11.84,11.59,11.84,11.75,0.09,0.766,42847.88,50280.386
600698.SH,20260420,7.21,7.35,7.21,7.35,7.26,0.09,1.2397,96005.4,70147.076
600699.SH,20260420,26.51,26.53,26.02,26.1,26.5,-0.4,-1.5094,337365.5,883825.224
600702.SH,20260420,45.77,46.2,45.53,46.03,45.96,0.07,0.1523,37529.02,172300.605
600703.SH,20260420,13.5,13.92,13.34,13.65,13.34,0.31,2.3238,4371502.41,5958971.553
600704.SH,20260420,5.25,5.26,5.21,5.22,5.25,-0.03,-0.5714,355026.46,185738.146
600706.SH,20260420,9.5,9.5,9.3,9.47,9.51,-0.04,-0.4206,63630.0,59867.171
600707.SH,20260420,8.27,8.57,8.08,8.57,7.79,0.78,10.0128,1107221.58,935423.172
600708.SH,20260420,3.28,3.29,3.22,3.27,3.29,-0.02,-0.6079,227854.76,74345.62
600710.SH,20260420,12.85,13.38,12.71,13.26,12.86,0.4,3.1104,208533.49,272285.95
600711.SH,20260420,14.58,14.74,14.4,14.63,14.54,0.09,0.619,915891.42,1335303.466
600712.SH,20260420,5.91,5.95,5.86,5.9,5.97,-0.07,-1.1725,63554.6,37430.068
600713.SH,20260420,5.93,5.94,5.67,5.78,5.99,-0.21,-3.5058,531525.62,306160.433
600714.SH,20260420,18.33,19.15,18.2,18.88,18.08,0.8,4.4248,212923.02,397937.89
600715.SH,20260420,2.02,2.03,2.0,2.02,2.02,0.0,0.0,247212.0,49878.134
600716.SH,20260420,4.15,4.34,4.09,4.22,4.19,0.03,0.716,91937.81,38665.265
600717.SH,20260420,4.46,4.48,4.45,4.46,4.47,-0.01,-0.2237,132280.81,59032.814
600718.SH,20260420,9.05,9.05,8.98,9.0,9.01,-0.01,-0.111,130332.58,117481.88
600719.SH,20260420,7.39,7.59,7.3,7.45,7.38,0.07,0.9485,283316.7,209933.701
600720.SH,20260420,6.93,6.96,6.86,6.87,6.92,-0.05,-0.7225,76973.0,53187.984
600721.SH,20260420,8.89,9.0,8.82,9.0,8.92,0.08,0.8969,149256.46,132904.456
600722.SH,20260420,13.53,13.74,13.34,13.67,13.5,0.17,1.2593,455209.15,618614.339
600724.SH,20260420,6.93,7.22,6.83,7.15,6.93,0.22,3.1746,158076.0,111443.755
600725.SH,20260420,4.1,4.15,4.05,4.14,4.1,0.04,0.9756,157758.92,64796.537
600726.SH,20260420,4.49,4.59,4.47,4.58,4.49,0.09,2.0045,1411774.18,642500.169
600727.SH,20260420,7.69,8.16,7.61,7.8,7.69,0.11,1.4304,757640.7,593609.199
600728.SH,20260420,5.61,5.68,5.6,5.65,5.63,0.02,0.3552,299084.4,169021.393
600729.SH,20260420,22.09,22.2,21.62,21.84,22.32,-0.48,-2.1505,37447.38,81816.654
600730.SH,20260420,8.6,8.73,8.26,8.35,8.6,-0.25,-2.907,205568.0,173015.056
600731.SH,20260420,6.77,6.78,6.69,6.73,6.76,-0.03,-0.4438,77118.0,51835.272
600732.SH,20260420,15.98,16.54,15.94,16.07,15.98,0.09,0.5632,439313.42,713174.951
600733.SH,20260420,7.19,7.36,7.19,7.31,7.22,0.09,1.2465,631351.21,460321.974
600734.SH,20260420,3.07,3.07,3.07,3.07,3.41,-0.34,-9.9707,171401.0,52620.107
600736.SH,20260420,6.25,6.35,6.15,6.29,6.29,0.0,0.0,238538.22,148848.55
600737.SH,20260420,14.62,14.78,14.5,14.6,14.61,-0.01,-0.0684,172640.05,252976.115
600738.SH,20260420,4.82,4.82,4.72,4.8,4.84,-0.04,-0.8264,110229.0,52603.591
600739.SH,20260420,11.64,11.66,11.47,11.47,11.67,-0.2,-1.7138,92395.77,106682.648
600740.SH,20260420,4.15,4.21,4.11,4.2,4.15,0.05,1.2048,342240.84,142752.271
600741.SH,20260420,20.34,20.4,20.09,20.19,20.43,-0.24,-1.1747,148833.9,300773.848
600742.SH,20260420,10.37,10.48,10.2,10.34,10.44,-0.1,-0.9579,105717.95,109234.696
600743.SH,20260420,2.55,2.66,2.42,2.59,2.69,-0.1,-3.7175,3022564.85,755111.66
600744.SH,20260420,7.5,8.1,7.49,8.08,7.5,0.58,7.7333,2300776.4,1805509.495
600745.SH,20260420,31.01,31.56,31.0,31.38,31.18,0.2,0.6414,220216.53,691321.025
600746.SH,20260420,9.16,9.28,8.59,8.59,9.54,-0.95,-9.9581,417584.69,367350.254
600748.SH,20260420,5.41,5.53,5.38,5.44,5.37,0.07,1.3035,223966.01,121785.283
600749.SH,20260420,20.1,22.0,19.44,20.29,20.3,-0.01,-0.0493,400313.59,831593.329
600750.SH,20260420,27.25,27.43,26.44,27.22,26.96,0.26,0.9644,57862.76,156101.136
600751.SH,20260420,3.83,3.93,3.79,3.88,3.84,0.04,1.0417,381938.88,147659.149
600753.SH,20260420,12.47,12.49,12.1,12.34,12.32,0.02,0.1623,18739.0,23146.766
600754.SH,20260420,26.9,27.35,26.67,27.14,27.06,0.08,0.2956,93230.21,252938.193
600755.SH,20260420,6.27,6.31,6.26,6.26,6.27,-0.01,-0.1595,151910.7,95343.214
600756.SH,20260420,16.37,16.99,16.15,16.78,16.49,0.29,1.7586,173978.13,290689.989
600757.SH,20260420,8.72,8.76,8.68,8.74,8.75,-0.01,-0.1143,97956.33,85423.114
600758.SH,20260420,3.82,3.9,3.8,3.88,3.82,0.06,1.5707,503082.51,193905.271
600759.SH,20260420,5.17,5.26,5.13,5.22,5.17,0.05,0.9671,2364313.02,1229571.782
600760.SH,20260420,51.0,51.15,50.49,50.82,50.93,-0.11,-0.216,221063.99,1122590.479
600761.SH,20260420,17.34,17.48,17.21,17.4,17.36,0.04,0.2304,82850.03,143873.001
600763.SH,20260420,40.95,41.6,40.38,41.07,41.21,-0.14,-0.3397,100499.84,410940.686
600764.SH,20260420,24.38,24.93,24.36,24.77,24.32,0.45,1.8503,78764.62,194346.933
600765.SH,20260420,16.6,16.94,16.6,16.91,16.58,0.33,1.9903,236187.49,397203.426
600768.SH,20260420,17.74,17.81,17.22,17.6,17.83,-0.23,-1.29,135400.17,236388.446
600769.SH,20260420,14.88,15.1,14.56,14.98,14.93,0.05,0.3349,120076.0,178871.222
600770.SH,20260420,5.84,5.96,5.77,5.83,5.78,0.05,0.8651,288065.27,169165.961
600771.SH,20260420,17.42,17.52,17.24,17.35,17.35,0.0,0.0,43903.7,76304.379
600773.SH,20260420,22.55,23.47,22.01,22.69,22.47,0.22,0.9791,431783.21,978830.039
600774.SH,20260420,8.71,8.74,8.63,8.73,8.7,0.03,0.3448,23796.0,20698.55
600775.SH,20260420,13.45,13.66,13.38,13.63,13.47,0.16,1.1878,207795.5,281912.59
600776.SH,20260420,16.95,16.96,16.62,16.79,16.74,0.05,0.2987,666725.62,1118692.427
600777.SH,20260420,5.92,5.92,5.82,5.87,5.86,0.01,0.1706,238204.04,139370.054
600778.SH,20260420,6.42,6.45,6.32,6.43,6.39,0.04,0.626,46854.0,29998.955
600779.SH,20260420,32.58,32.92,32.55,32.91,32.7,0.21,0.6422,18443.83,60445.678
600780.SH,20260420,6.6,6.68,6.57,6.66,6.63,0.03,0.4525,223206.45,148086.462
600782.SH,20260420,3.53,3.55,3.49,3.5,3.53,-0.03,-0.8499,491219.0,172635.261
600783.SH,20260420,21.26,21.82,21.2,21.69,21.33,0.36,1.6878,178946.27,385885.567
600784.SH,20260420,7.52,8.16,7.48,7.78,7.45,0.33,4.4295,286650.04,226368.734
600785.SH,20260420,17.68,17.96,17.42,17.7,17.8,-0.1,-0.5618,63600.23,112477.78
600787.SH,20260420,5.33,5.35,5.31,5.32,5.34,-0.02,-0.3745,134891.74,71918.891
600789.SH,20260420,8.25,8.27,8.21,8.26,8.25,0.01,0.1212,77133.92,63543.944
600790.SH,20260420,3.65,3.74,3.65,3.72,3.66,0.06,1.6393,79234.67,29353.05
600791.SH,20260420,12.35,12.86,11.6,12.47,12.45,0.02,0.1606,295366.81,361535.442
600792.SH,20260420,3.92,3.97,3.89,3.96,3.92,0.04,1.0204,192934.0,75863.259
600793.SH,20260420,18.55,19.09,18.5,19.02,18.71,0.31,1.6569,34038.4,64227.483
600794.SH,20260420,3.6,3.61,3.58,3.6,3.6,0.0,0.0,109166.0,39258.27
600795.SH,20260420,4.82,4.86,4.81,4.83,4.82,0.01,0.2075,1041471.33,503995.159
600796.SH,20260420,6.29,6.33,6.01,6.15,6.28,-0.13,-2.0701,174447.97,106381.898
600797.SH,20260420,9.28,9.66,9.18,9.49,9.36,0.13,1.3889,579302.73,543051.285
600798.SH,20260420,3.62,3.64,3.6,3.64,3.61,0.03,0.831,121664.14,44079.871
600800.SH,20260420,4.61,5.08,4.58,5.08,4.62,0.46,9.9567,597907.61,294228.694
600801.SH,20260420,22.91,23.16,22.64,22.73,23.01,-0.28,-1.2169,86399.0,197117.561
600802.SH,20260420,5.6,5.69,5.58,5.67,5.59,0.08,1.4311,69457.44,39240.419
600803.SH,20260420,20.71,21.08,20.7,20.78,20.71,0.07,0.338,104307.99,217604.774
600805.SH,20260420,5.19,5.22,5.15,5.21,5.18,0.03,0.5792,77800.14,40352.686
600807.SH,20260420,2.94,2.97,2.9,2.96,2.94,0.02,0.6803,131582.01,38549.507
600808.SH,20260420,4.0,4.01,3.93,3.94,4.01,-0.07,-1.7456,495507.0,196239.027
600809.SH,20260420,139.0,140.51,137.81,138.87,139.5,-0.63,-0.4516,51323.01,712842.687
600810.SH,20260420,8.64,8.75,8.59,8.61,8.64,-0.03,-0.3472,140749.63,121664.884
600812.SH,20260420,5.49,5.5,5.41,5.45,5.49,-0.04,-0.7286,158120.91,86008.066
600814.SH,20260420,7.71,7.84,7.66,7.84,7.75,0.09,1.1613,93240.74,72603.529
600815.SH,20260420,4.04,4.08,3.98,4.04,4.06,-0.02,-0.4926,679713.74,273358.383
600816.SH,20260420,2.55,2.56,2.53,2.54,2.54,0.0,0.0,295760.12,75225.441
600817.SH,20260420,12.3,12.8,12.29,12.77,12.33,0.44,3.5685,91084.0,115646.717
600818.SH,20260420,8.44,8.51,8.38,8.5,8.44,0.06,0.7109,32218.23,27252.677
600819.SH,20260420,7.1,7.3,7.01,7.23,7.0,0.23,3.2857,102754.06,74050.321
600820.SH,20260420,6.17,6.19,6.13,6.15,6.16,-0.01,-0.1623,134218.39,82727.557
600821.SH,20260420,8.9,9.45,8.85,9.39,9.08,0.31,3.4141,3995966.56,3652770.115
600822.SH,20260420,9.83,10.04,9.81,9.97,9.82,0.15,1.5275,42936.0,42728.642
600824.SH,20260420,3.98,4.0,3.95,3.98,3.98,0.0,0.0,74229.93,29477.223
600825.SH,20260420,5.9,6.04,5.88,6.0,5.93,0.07,1.1804,87551.0,52243.852
600826.SH,20260420,9.48,9.59,9.4,9.58,9.5,0.08,0.8421,43118.81,41002.368
600827.SH,20260420,8.47,8.48,8.23,8.24,8.23,0.01,0.1215,150572.72,124955.561
600828.SH,20260420,5.25,5.26,5.14,5.21,5.28,-0.07,-1.3258,173054.76,89941.441
600829.SH,20260420,9.82,9.93,9.74,9.92,9.85,0.07,0.7107,98950.01,97434.152
600830.SH,20260420,8.83,8.87,8.75,8.84,8.82,0.02,0.2268,35430.0,31238.557
600831.SH,20260420,3.52,3.59,3.47,3.5,3.5,0.0,0.0,122726.72,43030.728
600833.SH,20260420,11.42,11.56,11.28,11.55,11.42,0.13,1.1384,33751.81,38650.574
600834.SH,20260420,8.24,8.27,8.16,8.23,8.23,0.0,0.0,21120.0,17336.791
600835.SH,20260420,22.88,22.97,22.48,22.65,22.88,-0.23,-1.0052,85815.79,194147.248
600838.SH,20260420,10.06,10.55,9.95,10.24,10.08,0.16,1.5873,172348.9,176542.716
600839.SH,20260420,9.18,9.88,9.16,9.57,9.21,0.36,3.9088,2198816.84,2081476.485
600841.SH,20260420,9.54,9.68,9.22,9.51,9.58,-0.07,-0.7307,239130.0,226571.418
600843.SH,20260420,9.59,9.73,9.53,9.72,9.56,0.16,1.6736,91651.19,88283.57
600844.SH,20260420,3.42,3.49,3.39,3.47,3.44,0.03,0.8721,509783.04,176110.898
600845.SH,20260420,22.83,23.16,22.7,22.82,22.92,-0.1,-0.4363,153177.87,350491.72
600846.SH,20260420,12.18,12.22,12.0,12.08,12.18,-0.1,-0.821,37530.46,45392.55
600847.SH,20260420,14.79,15.18,14.33,14.88,14.79,0.09,0.6085,70979.0,105570.467
600848.SH,20260420,9.52,9.52,9.28,9.33,9.53,-0.2,-2.0986,239094.14,223474.855
600850.SH,20260420,20.52,20.97,20.48,20.86,20.51,0.35,1.7065,102101.0,212521.08
600851.SH,20260420,8.43,8.64,8.43,8.63,8.5,0.13,1.5294,175756.01,150348.129
600853.SH,20260420,3.96,4.03,3.9,4.0,3.96,0.04,1.0101,119888.2,47697.948
600854.SH,20260420,5.06,5.15,5.03,5.14,5.06,0.08,1.581,84543.02,43125.098
600855.SH,20260420,20.42,22.0,20.38,21.63,20.38,1.25,6.1335,590049.46,1253182.808
600857.SH,20260420,12.05,12.45,11.9,12.23,12.03,0.2,1.6625,37762.08,45879.252
600858.SH,20260420,5.63,5.68,5.56,5.64,5.63,0.01,0.1776,63313.2,35517.999
600859.SH,20260420,12.23,12.29,12.13,12.2,12.25,-0.05,-0.4082,108717.37,132641.339
600860.SH,20260420,11.51,11.63,11.38,11.45,11.92,-0.47,-3.943,190406.57,218346.642
600861.SH,20260420,16.37,16.39,16.23,16.23,16.32,-0.09,-0.5515,29843.92,48653.504
600862.SH,20260420,21.64,22.15,21.6,22.0,21.66,0.34,1.5697,226066.77,495539.939
600863.SH,20260420,4.61,4.66,4.6,4.63,4.64,-0.01,-0.2155,425289.55,196768.725
600864.SH,20260420,7.13,7.17,7.07,7.14,7.12,0.02,0.2809,622022.8,442434.256
600865.SH,20260420,11.45,11.48,11.25,11.45,11.45,0.0,0.0,49795.0,56756.408
600866.SH,20260420,6.93,6.94,6.88,6.88,6.93,-0.05,-0.7215,154535.46,106604.267
600867.SH,20260420,10.17,10.33,9.99,10.08,10.15,-0.07,-0.6897,683221.28,689245.232
600868.SH,20260420,3.41,3.48,3.38,3.46,3.4,0.06,1.7647,722279.28,248718.46
600869.SH,20260420,15.02,15.79,14.87,15.51,14.7,0.81,5.5102,1165542.16,1788838.214
600871.SH,20260420,2.65,2.69,2.64,2.69,2.65,0.04,1.5094,1593501.0,425428.379
600872.SH,20260420,20.84,21.47,20.41,21.47,19.52,1.95,9.9898,726640.07,1546387.76
600873.SH,20260420,10.88,10.89,10.71,10.79,10.89,-0.1,-0.9183,370773.71,399348.972
600874.SH,20260420,6.05,6.09,6.03,6.08,6.07,0.01,0.1647,82566.0,50068.814
600875.SH,20260420,41.36,42.99,40.96,42.51,41.72,0.79,1.8936,1034741.15,4343486.505
600876.SH,20260420,9.83,10.17,9.74,10.02,9.81,0.21,2.1407,98776.49,98755.682
600877.SH,20260420,17.35,17.7,17.28,17.57,17.32,0.25,1.4434,301694.43,527286.513
600879.SH,20260420,23.49,25.66,23.49,25.53,23.42,2.11,9.0094,3050304.41,7598765.778
600880.SH,20260420,5.07,5.44,5.04,5.42,5.05,0.37,7.3267,764851.72,403551.877
600881.SH,20260420,1.57,1.58,1.55,1.57,1.57,0.0,0.0,300261.28,47022.516
600882.SH,20260420,19.16,20.47,19.1,20.35,19.25,1.1,5.7143,164955.94,329781.329
600883.SH,20260420,7.97,8.09,7.85,8.06,7.97,0.09,1.1292,31300.0,25054.187
600884.SH,20260420,14.75,14.91,14.37,14.46,14.7,-0.24,-1.6327,891755.32,1293591.853
600885.SH,20260420,28.6,28.92,28.01,28.8,28.55,0.25,0.8757,203821.97,584392.995
600886.SH,20260420,13.24,13.65,13.24,13.41,13.2,0.21,1.5909,379759.53,511240.866
600887.SH,20260420,25.35,25.57,25.28,25.51,25.39,0.12,0.4726,397331.88,1010952.939
600888.SH,20260420,8.73,8.91,8.7,8.77,8.7,0.07,0.8046,309405.8,272059.753
600889.SH,20260420,14.89,15.37,14.77,15.12,14.9,0.22,1.4765,40131.0,60924.098
600892.SH,20260420,3.59,3.63,3.57,3.59,3.62,-0.03,-0.8287,25708.0,9252.745
600893.SH,20260420,49.94,50.79,48.88,49.98,49.77,0.21,0.4219,300375.7,1500446.822
600894.SH,20260420,10.11,10.12,9.87,9.91,10.09,-0.18,-1.7839,109634.62,109000.439
600895.SH,20260420,36.82,37.52,36.74,37.22,37.04,0.18,0.486,254973.5,948147.684
600897.SH,20260420,16.3,16.3,16.19,16.25,16.23,0.02,0.1232,17638.0,28629.507
600900.SH,20260420,26.41,26.84,26.41,26.84,26.38,0.46,1.7437,950417.99,2538195.456
600901.SH,20260420,6.92,6.95,6.86,6.91,6.92,-0.01,-0.1445,235502.99,162517.636
600903.SH,20260420,6.22,6.26,6.21,6.25,6.22,0.03,0.4823,47934.09,29907.728
600905.SH,20260420,4.1,4.1,4.08,4.09,4.1,-0.01,-0.2439,844777.74,345643.663
600906.SH,20260420,6.46,6.48,6.41,6.42,6.46,-0.04,-0.6192,133340.56,85817.205
600908.SH,20260420,5.66,5.69,5.64,5.67,5.65,0.02,0.354,83323.0,47253.086
600909.SH,20260420,5.71,5.72,5.68,5.69,5.7,-0.01,-0.1754,361282.89,205884.656
600916.SH,20260420,9.1,9.17,9.07,9.12,9.1,0.02,0.2198,188850.77,172283.981
600917.SH,20260420,5.28,5.28,5.24,5.28,5.27,0.01,0.1898,70577.4,37085.055
600918.SH,20260420,6.07,6.08,6.04,6.05,6.07,-0.02,-0.3295,199460.2,120826.934
600919.SH,20260420,10.82,11.03,10.81,11.02,10.83,0.19,1.7544,1090827.1,1194429.935
600925.SH,20260420,4.53,4.54,4.5,4.54,4.52,0.02,0.4425,69763.0,31513.336
600926.SH,20260420,16.97,17.28,16.97,17.26,16.99,0.27,1.5892,211053.83,362942.914
600927.SH,20260420,14.7,14.7,14.37,14.44,14.33,0.11,0.7676,48262.0,69734.496
600928.SH,20260420,3.61,3.64,3.61,3.63,3.62,0.01,0.2762,123220.4,44684.079
600929.SH,20260420,6.89,7.24,6.89,7.22,7.03,0.19,2.7027,389950.32,279020.872
600930.SH,20260420,6.0,6.03,5.98,6.03,6.01,0.02,0.3328,1030122.58,618520.503
600933.SH,20260420,17.02,17.09,16.86,16.92,17.06,-0.14,-0.8206,114613.84,194545.636
600935.SH,20260420,2.64,2.65,2.6,2.62,2.63,-0.01,-0.3802,176327.82,46092.626
600936.SH,20260420,4.19,4.19,4.02,4.08,4.18,-0.1,-2.3923,364120.0,148958.098
600938.SH,20260420,37.01,37.54,36.5,37.16,37.34,-0.18,-0.4821,477236.84,1767026.393
600939.SH,20260420,2.89,2.9,2.86,2.87,2.88,-0.01,-0.3472,68555.0,19705.108
600941.SH,20260420,93.31,93.38,93.2,93.3,93.47,-0.17,-0.1819,53267.28,496905.152
600955.SH,20260420,19.17,19.21,18.38,18.63,19.27,-0.64,-3.3212,154665.0,288217.338
600956.SH,20260420,8.07,8.16,8.04,8.15,8.07,0.08,0.9913,158427.0,128395.578
600959.SH,20260420,4.15,4.17,4.08,4.1,4.15,-0.05,-1.2048,780181.73,320365.629
600960.SH,20260420,5.21,5.34,5.21,5.31,5.26,0.05,0.9506,157101.0,83129.757
600961.SH,20260420,24.3,24.3,24.3,24.3,22.09,2.21,10.0045,50868.84,123611.281
600962.SH,20260420,21.2,22.47,21.16,21.91,20.71,1.2,5.7943,161115.92,352749.024
600963.SH,20260420,4.81,4.92,4.75,4.88,4.81,0.07,1.4553,255372.2,123186.003
600965.SH,20260420,5.48,5.51,5.39,5.43,5.49,-0.06,-1.0929,90132.1,48886.667
600966.SH,20260420,6.64,6.77,6.51,6.76,6.59,0.17,2.5797,158740.2,106227.902
600967.SH,20260420,14.87,15.1,14.85,15.07,14.91,0.16,1.0731,233926.55,351144.664
600968.SH,20260420,4.25,4.26,4.2,4.24,4.24,0.0,0.0,467326.0,197563.198
600969.SH,20260420,9.86,10.23,9.81,10.16,9.84,0.32,3.252,91053.2,91586.723
600970.SH,20260420,10.57,10.76,10.47,10.48,10.56,-0.08,-0.7576,268154.39,283819.383
600971.SH,20260420,7.26,7.68,7.15,7.47,7.2,0.27,3.75,227314.21,168062.31
600973.SH,20260420,7.28,7.58,7.25,7.57,7.23,0.34,4.7026,559527.41,418768.3
600975.SH,20260420,5.71,5.77,5.65,5.73,5.71,0.02,0.3503,153289.85,87449.291
600976.SH,20260420,32.68,33.2,32.15,33.2,33.37,-0.17,-0.5094,31403.87,102597.451
600977.SH,20260420,14.58,14.73,14.4,14.6,14.91,-0.31,-2.0791,614718.55,892328.92
600979.SH,20260420,4.44,4.84,4.42,4.84,4.4,0.44,10.0,1043180.33,490723.988
600980.SH,20260420,22.9,23.21,22.69,23.2,22.93,0.27,1.1775,30080.05,69269.542
600981.SH,20260420,2.94,2.99,2.91,2.98,2.94,0.04,1.3605,185757.0,55010.652
600982.SH,20260420,5.6,6.0,5.57,5.95,5.62,0.33,5.8719,1226403.01,715849.488
600983.SH,20260420,10.52,10.71,10.51,10.65,10.59,0.06,0.5666,73704.14,78102.321
600984.SH,20260420,4.31,4.32,4.17,4.26,4.31,-0.05,-1.1601,273675.4,115768.565
600985.SH,20260420,13.3,13.45,12.96,13.33,13.25,0.08,0.6038,243780.78,321754.532
600986.SH,20260420,10.83,11.55,10.81,11.3,10.78,0.52,4.8237,2271967.76,2558404.939
600987.SH,20260420,7.42,7.49,7.38,7.41,7.4,0.01,0.1351,72162.0,53618.371
600988.SH,20260420,43.02,44.62,43.02,44.24,43.42,0.82,1.8885,402884.7,1773166.217
600989.SH,20260420,27.6,27.92,27.16,27.36,27.75,-0.39,-1.4054,954563.18,2623799.945
600990.SH,20260420,24.38,24.83,24.29,24.69,24.29,0.4,1.6468,47276.64,116212.649
600992.SH,20260420,12.0,12.11,11.95,12.09,12.05,0.04,0.332,35706.0,43019.828
600993.SH,20260420,24.75,25.15,24.66,25.05,24.76,0.29,1.1712,39660.69,98970.929
600995.SH,20260420,14.16,14.19,14.0,14.11,14.16,-0.05,-0.3531,207843.59,293218.627
600996.SH,20260420,9.28,9.33,9.07,9.08,9.4,-0.32,-3.4043,477482.99,437206.023
600997.SH,20260420,5.67,5.73,5.6,5.69,5.66,0.03,0.53,104711.78,59291.397
600998.SH,20260420,5.27,5.34,5.21,5.31,5.26,0.05,0.9506,347165.11,183435.013
600999.SH,20260420,15.75,15.76,15.55,15.63,15.71,-0.08,-0.5092,329387.77,515347.505
601000.SH,20260420,4.86,4.94,4.8,4.82,4.86,-0.04,-0.823,389727.19,188854.676
601001.SH,20260420,16.82,17.32,16.71,16.91,16.93,-0.02,-0.1181,108490.97,184210.847
601002.SH,20260420,6.19,6.81,6.19,6.68,6.19,0.49,7.916,1229868.4,807596.256
601003.SH,20260420,4.6,4.68,4.56,4.57,4.64,-0.07,-1.5086,143807.0,66196.738
601005.SH,20260420,1.41,1.42,1.4,1.41,1.41,0.0,0.0,638479.0,89919.812
601006.SH,20260420,5.25,5.26,5.22,5.24,5.25,-0.01,-0.1905,575612.91,301324.189
601007.SH,20260420,8.12,8.38,7.91,8.36,8.12,0.24,2.9557,245649.92,202710.41
601008.SH,20260420,4.81,4.82,4.8,4.82,4.83,-0.01,-0.207,60548.0,29142.606
601009.SH,20260420,11.1,11.29,11.08,11.29,11.11,0.18,1.6202,436830.69,490478.654
601010.SH,20260420,2.42,2.49,2.39,2.47,2.43,0.04,1.6461,861049.5,210665.458
601011.SH,20260420,3.15,3.18,3.09,3.18,3.15,0.03,0.9524,382389.02,119983.94
601012.SH,20260420,17.44,17.8,17.35,17.65,17.44,0.21,1.2041,1351470.18,2376243.054
601015.SH,20260420,3.91,3.97,3.87,3.94,3.88,0.06,1.5464,503437.63,197131.196
601016.SH,20260420,4.05,4.1,4.01,4.1,4.06,0.04,0.9852,2414398.69,981528.921
601018.SH,20260420,3.83,3.85,3.81,3.84,3.84,0.0,0.0,335693.0,128665.185
601019.SH,20260420,7.74,7.75,7.65,7.68,7.77,-0.09,-1.1583,212244.09,163019.0
601020.SH,20260420,31.36,32.23,31.31,31.53,31.49,0.04,0.127,380376.15,1207261.193
601021.SH,20260420,47.65,48.79,47.6,48.62,47.43,1.19,2.509,69103.98,334331.108
601022.SH,20260420,8.9,8.93,8.82,8.92,8.89,0.03,0.3375,82269.49,73023.772
601026.SH,20260420,18.72,18.78,18.51,18.65,18.71,-0.06,-0.3207,39380.06,73368.762
601033.SH,20260420,14.77,14.8,14.71,14.77,14.77,0.0,0.0,26024.32,38393.905
601038.SH,20260420,12.67,12.87,12.58,12.68,12.67,0.01,0.0789,84463.65,107754.623
601058.SH,20260420,13.68,13.79,13.58,13.64,13.63,0.01,0.0734,209956.5,286731.464
601059.SH,20260420,16.91,16.96,16.81,16.82,16.87,-0.05,-0.2964,57172.41,96462.45
601061.SH,20260420,12.86,13.05,12.65,12.92,12.9,0.02,0.155,244980.04,315381.698
601065.SH,20260420,8.41,8.42,8.38,8.38,8.41,-0.03,-0.3567,22776.0,19113.557
601066.SH,20260420,21.91,21.91,21.76,21.83,21.84,-0.01,-0.0458,75612.37,165045.385
601068.SH,20260420,6.29,6.45,6.28,6.37,6.28,0.09,1.4331,218572.0,139109.513
601069.SH,20260420,33.03,34.19,32.81,33.91,33.07,0.84,2.5401,194385.99,656167.352
601077.SH,20260420,7.19,7.3,7.17,7.3,7.2,0.1,1.3889,228910.0,166203.94
601083.SH,20260420,12.71,13.11,12.66,12.98,12.7,0.28,2.2047,135430.22,175352.871
601086.SH,20260420,8.98,8.98,8.62,8.77,9.0,-0.23,-2.5556,146262.2,127655.024
601088.SH,20260420,45.6,45.74,45.16,45.23,45.55,-0.32,-0.7025,224465.11,1017550.185
601089.SH,20260420,22.25,22.52,22.2,22.25,22.39,-0.14,-0.6253,29988.0,66943.644
601096.SH,20260420,5.52,5.63,5.51,5.62,5.54,0.08,1.444,297654.0,166048.214
601098.SH,20260420,11.11,11.14,11.01,11.12,11.11,0.01,0.09,78208.82,86643.119
601099.SH,20260420,3.82,3.85,3.81,3.82,3.82,0.0,0.0,794296.63,304006.349
601100.SH,20260420,105.55,105.7,102.73,103.32,105.39,-2.07,-1.9641,92523.03,958714.956
601101.SH,20260420,8.18,8.32,8.09,8.2,8.18,0.02,0.2445,144962.5,118781.234
601106.SH,20260420,4.2,4.33,4.18,4.3,4.22,0.08,1.8957,799188.11,341219.394
601107.SH,20260420,6.03,6.15,5.99,6.09,6.01,0.08,1.3311,139324.01,84816.124
601108.SH,20260420,8.32,8.34,8.24,8.29,8.31,-0.02,-0.2407,312263.61,259120.92
601111.SH,20260420,6.93,7.08,6.92,7.08,6.92,0.16,2.3121,1299792.9,912951.464
601112.SH,20260420,19.95,20.19,19.89,20.08,20.08,0.0,0.0,112541.14,225410.555
601113.SH,20260420,4.53,4.88,4.53,4.71,4.47,0.24,5.3691,501268.9,237971.21
601116.SH,20260420,14.04,14.19,13.9,14.15,14.13,0.02,0.1415,78846.78,111062.255
601117.SH,20260420,8.6,8.64,8.5,8.6,8.57,0.03,0.3501,791445.33,678999.474
601118.SH,20260420,6.48,6.7,6.47,6.68,6.49,0.19,2.9276,342464.02,226995.782
601121.SH,20260420,7.87,7.99,7.79,7.86,7.83,0.03,0.3831,118137.0,92906.842
601126.SH,20260420,47.65,48.88,46.98,48.83,48.13,0.7,1.4544,294525.14,1411173.736
601127.SH,20260420,89.55,91.28,89.1,90.07,89.47,0.6,0.6706,192967.23,1743486.446
601128.SH,20260420,7.23,7.27,7.19,7.26,7.21,0.05,0.6935,375472.05,272085.914
601133.SH,20260420,24.85,25.2,24.12,24.55,24.87,-0.32,-1.2867,216775.81,531031.212
601136.SH,20260420,16.53,16.7,16.4,16.54,16.32,0.22,1.348,118083.6,195854.121
601137.SH,20260420,20.17,20.98,20.17,20.54,20.24,0.3,1.4822,194201.0,400482.485
601138.SH,20260420,61.89,63.33,61.01,61.51,60.97,0.54,0.8857,2131508.19,13190136.943
601139.SH,20260420,6.8,6.88,6.76,6.86,6.8,0.06,0.8824,273319.8,186130.058
601155.SH,20260420,14.63,14.76,14.27,14.57,14.71,-0.14,-0.9517,192655.65,279779.884
601156.SH,20260420,16.95,17.18,16.89,16.93,17.05,-0.12,-0.7038,85317.7,145266.418
601158.SH,20260420,4.36,4.37,4.35,4.36,4.36,0.0,0.0,40352.3,17583.285
601162.SH,20260420,3.81,3.84,3.79,3.83,3.8,0.03,0.7895,1090670.11,416682.99
601163.SH,20260420,14.09,14.18,13.93,13.97,14.09,-0.12,-0.8517,40354.26,56454.067
601166.SH,20260420,18.42,18.46,18.34,18.36,18.4,-0.04,-0.2174,1008677.02,1855047.04
601168.SH,20260420,28.7,29.37,28.51,29.0,28.67,0.33,1.151,503241.4,1458855.64
601169.SH,20260420,5.42,5.45,5.4,5.44,5.42,0.02,0.369,666767.26,361997.473
601177.SH,20260420,14.77,14.91,14.7,14.9,14.76,0.14,0.9485,38644.37,57334.698
601179.SH,20260420,17.18,18.4,16.76,18.22,17.19,1.03,5.9919,3497737.11,6142604.683
601186.SH,20260420,6.92,6.93,6.9,6.9,6.93,-0.03,-0.4329,589767.64,407506.368
601187.SH,20260420,7.51,7.77,7.51,7.75,7.53,0.22,2.9216,241709.25,185948.335
601188.SH,20260420,3.24,3.26,3.22,3.26,3.24,0.02,0.6173,104879.68,34021.471
601198.SH,20260420,13.05,13.08,12.91,12.92,12.96,-0.04,-0.3086,105618.96,137134.528
601199.SH,20260420,5.6,5.63,5.58,5.6,5.6,0.0,0.0,38988.0,21843.912
601200.SH,20260420,8.07,8.07,8.0,8.04,8.05,-0.01,-0.1242,85232.92,68434.474
601208.SH,20260420,36.51,36.65,35.42,35.65,36.73,-1.08,-2.9404,652571.2,2339186.771
601211.SH,20260420,17.04,17.08,16.79,16.87,16.98,-0.11,-0.6478,1024005.76,1732922.321
601212.SH,20260420,8.07,8.29,8.07,8.16,8.06,0.1,1.2407,1164990.66,954257.316
601216.SH,20260420,5.23,5.29,5.19,5.24,5.23,0.01,0.1912,489462.01,256886.642
601218.SH,20260420,6.21,6.32,6.14,6.31,6.21,0.1,1.6103,806697.21,502245.558
601222.SH,20260420,6.37,6.37,6.2,6.24,6.38,-0.14,-2.1944,382497.0,239124.729
601225.SH,20260420,24.76,25.07,24.22,24.52,24.8,-0.28,-1.129,416738.25,1021577.708
601226.SH,20260420,9.65,9.65,9.48,9.57,9.59,-0.02,-0.2086,233914.4,223705.773
601228.SH,20260420,3.25,3.27,3.23,3.24,3.25,-0.01,-0.3077,288582.0,93697.671
601229.SH,20260420,9.72,9.81,9.7,9.8,9.74,0.06,0.616,317551.86,310199.968
601231.SH,20260420,40.69,42.8,39.38,42.37,40.18,2.19,5.4505,665124.52,2725143.159
601233.SH,20260420,19.61,20.48,19.19,19.92,19.62,0.3,1.5291,345112.54,687608.043
601236.SH,20260420,7.78,7.8,7.76,7.78,7.78,0.0,0.0,74138.53,57662.458
601238.SH,20260420,7.24,7.25,7.2,7.21,7.24,-0.03,-0.4144,105919.21,76451.905
601279.SH,20260420,3.88,3.92,3.87,3.91,3.93,-0.02,-0.5089,95911.0,37416.89
601288.SH,20260420,7.05,7.22,7.04,7.19,7.06,0.13,1.8414,3201580.23,2294202.33
601298.SH,20260420,8.89,8.9,8.71,8.82,8.89,-0.07,-0.7874,91150.0,80198.641
601311.SH,20260420,10.4,10.48,10.29,10.34,10.41,-0.07,-0.6724,358435.36,370995.159
601318.SH,20260420,57.87,58.67,57.74,58.54,57.92,0.62,1.0704,633436.88,3690691.462
601319.SH,20260420,7.37,7.39,7.3,7.35,7.38,-0.03,-0.4065,514476.5,376905.701
601326.SH,20260420,3.54,3.55,3.51,3.54,3.55,-0.01,-0.2817,203150.23,71607.416
601328.SH,20260420,6.95,7.05,6.94,7.05,6.96,0.09,1.2931,1315253.93,922066.157
601330.SH,20260420,7.81,8.08,7.79,8.07,7.83,0.24,3.0651,274986.0,219686.562
601333.SH,20260420,3.04,3.05,3.03,3.03,3.04,-0.01,-0.3289,283378.41,86082.42
601336.SH,20260420,64.27,64.49,63.5,64.48,64.27,0.21,0.3267,181088.8,1159026.512
601339.SH,20260420,8.04,8.25,7.98,8.07,7.97,0.1,1.2547,130122.06,105124.471
601360.SH,20260420,11.01,11.26,10.98,11.19,11.03,0.16,1.4506,735735.48,820844.941
601366.SH,20260420,3.97,3.98,3.93,3.96,3.97,-0.01,-0.2519,80554.44,31869.31
601368.SH,20260420,4.73,4.78,4.66,4.77,4.8,-0.03,-0.625,88816.63,41913.7
601369.SH,20260420,9.7,9.7,9.13,9.2,10.09,-0.89,-8.8206,418283.46,386476.163
601375.SH,20260420,4.05,4.05,4.03,4.03,4.04,-0.01,-0.2475,204199.09,82475.408
601377.SH,20260420,6.0,6.04,5.98,6.02,5.98,0.04,0.6689,837273.32,503477.93
601388.SH,20260420,4.11,4.17,4.09,4.14,4.15,-0.01,-0.241,771594.87,318503.145
601390.SH,20260420,5.31,5.32,5.28,5.3,5.32,-0.02,-0.3759,1269085.83,671718.936
601398.SH,20260420,7.44,7.57,7.42,7.57,7.44,0.13,1.7473,2394024.42,1802054.169
601399.SH,20260420,4.22,4.25,4.18,4.21,4.23,-0.02,-0.4728,1340902.93,565007.715
601456.SH,20260420,9.34,9.36,9.32,9.35,9.33,0.02,0.2144,139306.86,130098.274
601500.SH,20260420,4.2,4.24,4.18,4.22,4.22,0.0,0.0,81838.79,34507.247
601512.SH,20260420,8.86,8.93,8.81,8.87,8.89,-0.02,-0.225,32643.0,28913.181
601515.SH,20260420,4.64,4.76,4.64,4.72,4.68,0.04,0.8547,433254.16,203542.95
601518.SH,20260420,2.8,2.81,2.79,2.8,2.8,0.0,0.0,141024.64,39492.053
601519.SH,20260420,10.8,11.04,10.75,10.99,10.77,0.22,2.0427,289117.66,316737.068
601528.SH,20260420,5.24,5.27,5.23,5.25,5.25,0.0,0.0,115160.87,60449.554
601555.SH,20260420,8.36,8.36,8.24,8.25,8.28,-0.03,-0.3623,258875.17,214428.598
601566.SH,20260420,10.69,10.84,10.65,10.82,10.68,0.14,1.3109,52579.8,56735.557
601567.SH,20260420,26.12,26.12,25.65,25.91,26.25,-0.34,-1.2952,188122.86,486182.002
601568.SH,20260420,4.07,4.09,4.02,4.04,4.08,-0.04,-0.9804,255216.5,103090.335
601577.SH,20260420,9.48,9.57,9.46,9.53,9.49,0.04,0.4215,123935.84,118122.502
601579.SH,20260420,18.86,18.98,18.77,18.84,18.85,-0.01,-0.0531,68800.0,129847.681
601588.SH,20260420,1.89,1.95,1.85,1.87,1.9,-0.03,-1.5789,1004626.0,189054.804
601595.SH,20260420,25.02,25.45,25.02,25.37,25.34,0.03,0.1184,42841.41,108213.902
601598.SH,20260420,6.08,6.13,6.02,6.13,6.06,0.07,1.1551,160766.81,97583.258
601599.SH,20260420,3.77,3.82,3.75,3.81,3.77,0.04,1.061,177266.0,67228.737
601600.SH,20260420,12.59,12.6,12.23,12.31,12.69,-0.38,-2.9945,2863350.32,3528698.861
601601.SH,20260420,37.23,37.58,37.17,37.46,37.34,0.12,0.3214,273103.18,1021444.177
601606.SH,20260420,39.89,40.5,39.66,40.49,39.55,0.94,2.3767,192285.15,772882.004
601607.SH,20260420,17.0,17.01,16.89,16.93,16.99,-0.06,-0.3531,65921.84,111549.754
601608.SH,20260420,6.28,6.37,6.21,6.33,6.27,0.06,0.9569,297969.94,188125.306
601609.SH,20260420,10.75,11.1,10.68,11.01,10.73,0.28,2.6095,384793.0,421227.008
601611.SH,20260420,14.12,14.48,14.06,14.45,14.27,0.18,1.2614,453568.26,650868.476
601615.SH,20260420,16.95,17.66,16.56,17.3,16.93,0.37,2.1855,1143581.61,1952670.496
601616.SH,20260420,4.81,4.88,4.76,4.87,4.81,0.06,1.2474,320222.0,154855.189
601618.SH,20260420,2.98,2.98,2.96,2.97,2.98,-0.01,-0.3356,798275.25,236700.609
601619.SH,20260420,6.17,6.38,6.11,6.28,6.19,0.09,1.454,1813520.83,1138602.559
601628.SH,20260420,37.52,37.71,37.35,37.63,37.52,0.11,0.2932,136840.82,513537.341
601633.SH,20260420,20.71,20.97,20.65,20.7,20.73,-0.03,-0.1447,139764.33,290089.517
601636.SH,20260420,5.97,6.22,5.96,6.1,5.9,0.2,3.3898,1060117.68,648946.753
601658.SH,20260420,5.07,5.19,5.06,5.18,5.07,0.11,2.1696,2332231.92,1198211.487
601665.SH,20260420,6.14,6.21,6.11,6.16,6.14,0.02,0.3257,425129.08,262234.847
601666.SH,20260420,7.81,7.86,7.67,7.74,7.87,-0.13,-1.6518,302231.42,234081.036
601668.SH,20260420,4.92,4.93,4.86,4.88,4.94,-0.06,-1.2146,3258127.3,1592000.611
601669.SH,20260420,5.72,5.82,5.7,5.8,5.71,0.09,1.5762,3117345.47,1796272.195
601677.SH,20260420,17.44,17.45,17.18,17.43,17.58,-0.15,-0.8532,322568.21,559611.265
601678.SH,20260420,5.06,5.12,5.01,5.04,5.05,-0.01,-0.198,333818.99,168814.97
601686.SH,20260420,5.92,5.94,5.88,5.91,5.89,0.02,0.3396,41117.0,24268.959
601688.SH,20260420,19.08,19.14,18.87,18.97,19.07,-0.1,-0.5244,679622.8,1291843.389
601689.SH,20260420,61.41,61.43,60.0,60.57,60.97,-0.4,-0.6561,277120.72,1681117.746
601696.SH,20260420,12.55,12.6,12.49,12.53,12.55,-0.02,-0.1594,237108.71,297317.799
601698.SH,20260420,33.99,37.38,33.9,37.38,33.98,3.4,10.0059,1265841.19,4582733.04
601699.SH,20260420,13.31,13.5,13.03,13.35,13.36,-0.01,-0.0749,294711.63,389974.694
601700.SH,20260420,5.26,5.42,5.24,5.41,5.28,0.13,2.4621,209931.74,112387.575
601702.SH,20260420,20.73,20.85,20.15,20.28,20.91,-0.63,-3.0129,108080.88,221095.807
601717.SH,20260420,20.0,20.14,19.9,19.99,19.94,0.05,0.2508,110203.0,220505.996
601718.SH,20260420,2.94,3.01,2.92,2.98,2.94,0.04,1.3605,407276.95,120920.695
601727.SH,20260420,8.06,8.13,8.03,8.12,8.07,0.05,0.6196,1006227.82,813524.984
601728.SH,20260420,5.88,5.9,5.84,5.84,5.87,-0.03,-0.5111,1104937.26,648523.152
601766.SH,20260420,6.15,6.16,6.09,6.09,6.15,-0.06,-0.9756,1673690.61,1023066.812
601777.SH,20260420,10.02,10.27,9.91,10.07,10.0,0.07,0.7,212379.85,215037.65
601778.SH,20260420,6.8,6.86,6.38,6.51,6.91,-0.4,-5.7887,8134380.07,5306072.137
601788.SH,20260420,15.49,15.52,15.38,15.41,15.48,-0.07,-0.4522,169168.78,261310.528
601789.SH,20260420,5.69,5.71,5.61,5.7,5.71,-0.01,-0.1751,592513.91,335644.306
601798.SH,20260420,9.08,9.29,9.05,9.23,9.07,0.16,1.7641,58492.0,53781.76
601799.SH,20260420,133.1,134.0,131.3,131.9,133.1,-1.2,-0.9016,24733.24,327374.367
601800.SH,20260420,7.47,7.49,7.4,7.42,7.5,-0.08,-1.0667,348440.66,259350.788
601801.SH,20260420,6.09,6.1,6.06,6.08,6.1,-0.02,-0.3279,72981.97,44376.011
601808.SH,20260420,15.28,15.28,15.03,15.22,15.25,-0.03,-0.1967,187490.07,284054.733
601811.SH,20260420,14.08,14.1,13.68,13.84,14.15,-0.31,-2.1908,113709.92,157687.444
601816.SH,20260420,4.93,4.96,4.92,4.95,4.93,0.02,0.4057,887343.31,438285.073
601818.SH,20260420,3.18,3.19,3.17,3.18,3.18,0.0,0.0,1036894.99,329773.495
601825.SH,20260420,9.12,9.29,9.1,9.14,9.14,0.0,0.0,187571.3,172744.445
601827.SH,20260420,7.89,7.93,7.87,7.92,7.9,0.02,0.2532,48554.81,38308.003
601828.SH,20260420,2.39,2.39,2.37,2.38,2.4,-0.02,-0.8333,103094.27,24543.597
601838.SH,20260420,17.21,17.48,17.18,17.47,17.23,0.24,1.3929,188424.74,327732.602
601857.SH,20260420,11.48,11.53,11.3,11.48,11.53,-0.05,-0.4337,1457194.8,1666014.618
601858.SH,20260420,21.51,22.21,21.45,22.08,21.77,0.31,1.424,91737.67,200783.36
601860.SH,20260420,2.67,2.68,2.66,2.67,2.67,0.0,0.0,213886.09,57143.23
601865.SH,20260420,14.22,15.09,14.16,14.63,14.22,0.41,2.8833,292667.88,428994.831
601866.SH,20260420,2.71,2.73,2.68,2.72,2.72,0.0,0.0,799129.55,217139.805
601868.SH,20260420,2.92,2.96,2.87,2.94,2.91,0.03,1.0309,8516082.42,2492731.547
601869.SH,20260420,374.23,401.98,374.23,385.0,365.89,19.11,5.2229,210116.04,8151820.599
601872.SH,20260420,18.33,19.11,18.13,19.08,18.55,0.53,2.8571,1577666.54,2962335.089
601877.SH,20260420,32.51,33.18,32.29,33.0,32.52,0.48,1.476,307129.81,1009661.701
601878.SH,20260420,9.67,9.69,9.63,9.64,9.66,-0.02,-0.207,193882.8,187087.175
601880.SH,20260420,1.63,1.64,1.62,1.63,1.63,0.0,0.0,814174.46,132588.521
601881.SH,20260420,12.93,12.94,12.82,12.86,12.92,-0.06,-0.4644,318059.61,409623.88
601882.SH,20260420,19.58,19.7,19.36,19.62,19.66,-0.04,-0.2035,33827.0,66201.365
601886.SH,20260420,9.44,9.79,9.42,9.74,9.49,0.25,2.6344,77673.06,75446.202
601888.SH,20260420,66.73,68.86,66.01,67.69,66.79,0.9,1.3475,292689.31,1970772.168
601890.SH,20260420,10.53,10.84,10.52,10.79,10.47,0.32,3.0564,461866.31,494929.701
601898.SH,20260420,16.38,16.61,16.0,16.19,16.38,-0.19,-1.16,333624.04,539929.74
601899.SH,20260420,34.86,35.29,34.7,34.82,34.73,0.09,0.2591,2256402.93,7890139.009
601900.SH,20260420,13.33,13.49,13.22,13.38,13.34,0.04,0.2999,89670.37,119876.297
601901.SH,20260420,7.06,7.08,7.0,7.04,7.04,0.0,0.0,530585.16,373148.83
601908.SH,20260420,4.4,4.65,4.31,4.58,4.4,0.18,4.0909,1983630.77,892105.437
601916.SH,20260420,3.02,3.02,2.99,3.0,3.02,-0.02,-0.6623,764931.67,230021.782
601918.SH,20260420,7.51,7.57,7.37,7.47,7.5,-0.03,-0.4,400247.96,298402.05
601919.SH,20260420,14.7,14.73,14.56,14.58,14.72,-0.14,-0.9511,727076.66,1063016.96
601921.SH,20260420,7.97,7.99,7.92,7.94,7.97,-0.03,-0.3764,77463.0,61610.919
601928.SH,20260420,9.92,9.99,9.89,9.95,9.93,0.02,0.2014,85406.73,85027.947
601929.SH,20260420,2.98,3.02,2.95,3.02,2.98,0.04,1.3423,886061.0,265638.341
601933.SH,20260420,4.1,4.11,3.94,3.95,4.11,-0.16,-3.8929,2662927.53,1060076.591
601939.SH,20260420,9.42,9.77,9.39,9.73,9.41,0.32,3.4006,1314450.32,1267363.835
601949.SH,20260420,6.29,6.41,6.23,6.36,6.28,0.08,1.2739,107838.39,68430.605
601952.SH,20260420,9.75,9.8,9.68,9.75,9.73,0.02,0.2055,155572.54,151488.496
601956.SH,20260420,6.62,6.62,6.14,6.24,6.74,-0.5,-7.4184,302271.73,188576.651
601958.SH,20260420,19.62,20.3,19.52,19.97,19.62,0.35,1.7839,464653.33,928155.446
601963.SH,20260420,10.65,10.89,10.6,10.85,10.65,0.2,1.8779,130380.31,140627.516
601965.SH,20260420,17.33,17.55,17.17,17.44,17.35,0.09,0.5187,49825.11,86815.697
601966.SH,20260420,14.23,14.25,14.17,14.18,14.21,-0.03,-0.2111,72804.0,103375.397
601968.SH,20260420,5.09,5.16,5.04,5.12,5.1,0.02,0.3922,88543.0,45186.711
601969.SH,20260420,11.3,11.51,11.27,11.35,11.41,-0.06,-0.5259,209721.91,237968.48
601975.SH,20260420,4.32,4.42,4.28,4.4,4.32,0.08,1.8519,1842292.93,801943.378
601985.SH,20260420,8.69,8.78,8.66,8.77,8.69,0.08,0.9206,1271988.65,1113207.932
601988.SH,20260420,5.75,5.92,5.74,5.9,5.77,0.13,2.253,2580279.73,1512553.844
601990.SH,20260420,7.42,7.45,7.4,7.4,7.42,-0.02,-0.2695,116028.0,86143.537
601991.SH,20260420,3.88,3.96,3.87,3.96,3.89,0.07,1.7995,1558481.09,612380.939
601992.SH,20260420,1.74,1.75,1.72,1.75,1.74,0.01,0.5747,467227.0,81110.598
601995.SH,20260420,33.99,34.06,33.76,33.85,33.87,-0.02,-0.059,110604.55,374754.937
601996.SH,20260420,2.51,2.53,2.41,2.52,2.48,0.04,1.6129,445278.93,110370.287
601997.SH,20260420,5.8,5.81,5.78,5.79,5.79,0.0,0.0,194156.0,112563.741
601998.SH,20260420,8.17,8.33,8.16,8.31,8.19,0.12,1.4652,409858.24,338871.207
601999.SH,20260420,7.83,8.03,7.68,8.02,7.94,0.08,1.0076,197915.08,156516.797
603000.SH,20260420,19.73,20.22,19.64,20.2,19.73,0.47,2.3822,245355.83,492374.26
603001.SH,20260420,9.31,9.37,9.14,9.19,9.3,-0.11,-1.1828,56764.0,52272.208
603002.SH,20260420,13.04,13.48,12.88,13.28,12.94,0.34,2.6275,1000728.82,1315639.99
603004.SH,20260420,21.49,22.2,21.49,21.86,21.63,0.23,1.0633,41992.97,91513.193
603005.SH,20260420,31.68,31.68,30.43,30.81,31.24,-0.43,-1.3764,547198.0,1697167.409
603006.SH,20260420,13.31,13.31,12.98,13.16,13.3,-0.14,-1.0526,23706.0,31134.731
603008.SH,20260420,12.5,13.03,12.44,12.88,12.53,0.35,2.7933,199903.05,255599.971
603009.SH,20260420,51.18,52.0,50.64,50.8,51.12,-0.32,-0.626,52149.03,266667.793
603010.SH,20260420,12.88,13.26,12.57,12.91,12.86,0.05,0.3888,154099.78,197459.867
603011.SH,20260420,21.8,22.28,21.64,22.25,21.84,0.41,1.8773,201037.2,443477.261
603012.SH,20260420,8.76,9.1,8.68,8.88,8.8,0.08,0.9091,235334.0,209288.171
603013.SH,20260420,19.31,19.41,19.05,19.19,19.38,-0.19,-0.9804,35192.65,67704.054
603014.SH,20260420,37.77,37.77,37.51,37.63,37.81,-0.18,-0.4761,7450.05,28019.431
603015.SH,20260420,12.4,12.55,12.27,12.52,12.39,0.13,1.0492,48793.33,60836.429
603016.SH,20260420,50.2,51.16,49.01,50.21,49.81,0.4,0.8031,56550.0,283814.33
603017.SH,20260420,12.92,14.21,12.92,14.21,12.92,1.29,9.9845,134872.42,188284.679
603018.SH,20260420,7.58,7.64,7.53,7.54,7.52,0.02,0.266,65456.08,49531.708
603019.SH,20260420,90.43,94.28,90.3,91.97,89.92,2.05,2.2798,673754.29,6236627.063
603020.SH,20260420,11.45,11.5,11.26,11.47,11.45,0.02,0.1747,40063.0,45465.113
603021.SH,20260420,8.0,8.21,7.96,8.02,7.82,0.2,2.5575,128439.0,104038.777
603022.SH,20260420,10.45,10.59,10.34,10.54,10.48,0.06,0.5725,35256.0,37070.129
603023.SH,20260420,4.47,4.48,4.4,4.48,4.47,0.01,0.2237,95654.38,42529.599
603025.SH,20260420,16.3,16.89,16.2,16.89,15.35,1.54,10.0326,158409.64,265755.136
603026.SH,20260420,98.0,99.88,95.8,96.11,98.05,-1.94,-1.9786,162228.35,1571824.271
603027.SH,20260420,9.45,9.67,9.45,9.57,9.47,0.1,1.056,122042.79,117138.432
603028.SH,20260420,8.5,8.67,8.44,8.62,8.51,0.11,1.2926,40033.5,34175.821
603029.SH,20260420,18.87,18.98,18.68,18.91,18.85,0.06,0.3183,17662.8,33281.666
603030.SH,20260420,2.33,2.35,2.31,2.34,2.33,0.01,0.4292,139370.0,32509.615
603031.SH,20260420,57.0,57.79,54.39,54.87,57.46,-2.59,-4.5075,177814.08,990841.538
603032.SH,20260420,22.76,23.58,22.45,23.31,22.76,0.55,2.4165,215574.67,496332.677
603033.SH,20260420,11.88,12.04,11.25,11.36,11.84,-0.48,-4.0541,161948.48,185978.045
603035.SH,20260420,14.39,14.49,14.33,14.42,14.42,0.0,0.0,34492.07,49729.384
603036.SH,20260420,18.09,18.09,17.87,17.99,18.13,-0.14,-0.7722,23803.0,42750.453
603037.SH,20260420,14.77,14.96,14.5,14.89,14.77,0.12,0.8125,53636.93,79369.731
603038.SH,20260420,16.63,16.78,15.16,15.85,16.62,-0.77,-4.633,200656.0,316584.74
603039.SH,20260420,43.5,44.4,43.31,43.83,43.82,0.01,0.0228,60245.13,264920.585
603040.SH,20260420,85.6,86.52,83.7,84.05,85.65,-1.6,-1.8681,19420.76,164327.795
603041.SH,20260420,12.92,12.94,12.74,12.87,12.8,0.07,0.5469,22208.4,28492.849
603042.SH,20260420,22.16,22.48,21.7,22.06,21.69,0.37,1.7059,203554.33,448511.359
603043.SH,20260420,15.35,15.52,15.3,15.41,15.33,0.08,0.5219,24874.4,38419.54
603045.SH,20260420,36.38,37.77,36.2,36.55,36.22,0.33,0.9111,77356.35,284522.419
603048.SH,20260420,22.37,23.98,22.34,23.08,22.13,0.95,4.2928,40024.45,92369.061
603049.SH,20260420,49.03,49.56,48.53,49.46,49.23,0.23,0.4672,29574.01,144765.374
603050.SH,20260420,19.97,20.2,19.65,19.9,19.88,0.02,0.1006,36004.12,71920.475
603051.SH,20260420,23.0,23.0,22.46,22.88,23.06,-0.18,-0.7806,58620.55,133476.698
603052.SH,20260420,87.35,91.69,83.33,91.69,83.35,8.34,10.006,193844.33,1726232.187
603053.SH,20260420,9.58,9.61,9.48,9.5,9.57,-0.07,-0.7315,40712.0,38713.109
603055.SH,20260420,9.45,9.52,9.37,9.45,9.46,-0.01,-0.1057,55013.0,52001.927
603057.SH,20260420,26.29,28.55,25.65,28.55,25.95,2.6,10.0193,36692.2,101306.396
603058.SH,20260420,12.11,12.58,12.08,12.31,12.08,0.23,1.904,98194.0,121138.547
603059.SH,20260420,34.22,34.78,33.21,34.52,34.6,-0.08,-0.2312,16766.0,56930.689
603060.SH,20260420,6.33,6.36,6.17,6.21,6.33,-0.12,-1.8957,80463.43,50111.47
603061.SH,20260420,245.0,248.8,236.86,240.78,243.9,-3.12,-1.2792,36630.05,887503.775
603062.SH,20260420,49.76,50.38,49.3,50.06,50.13,-0.07,-0.1396,8285.31,41420.034
603063.SH,20260420,41.45,42.53,40.88,40.93,40.63,0.3,0.7384,719317.27,2983280.74
603065.SH,20260420,8.27,8.28,8.15,8.2,8.24,-0.04,-0.4854,35750.1,29378.977
603066.SH,20260420,9.9,10.01,9.87,10.01,9.94,0.07,0.7042,15009.0,14937.543
603067.SH,20260420,35.35,36.49,34.12,35.5,35.69,-0.19,-0.5324,300989.86,1070580.19
603068.SH,20260420,32.98,33.55,32.78,33.36,32.97,0.39,1.1829,24026.0,79936.89
603069.SH,20260420,17.57,18.48,17.38,17.77,17.55,0.22,1.2536,88915.98,158797.712
603070.SH,20260420,15.06,15.3,15.06,15.28,15.18,0.1,0.6588,27623.86,41992.405
603071.SH,20260420,13.97,14.03,13.71,13.91,14.01,-0.1,-0.7138,40617.0,56223.567
603072.SH,20260420,37.04,37.48,36.99,37.44,37.15,0.29,0.7806,22576.0,84254.738
603073.SH,20260420,19.79,20.23,19.41,20.1,19.87,0.23,1.1575,13274.07,26448.288
603075.SH,20260420,22.76,23.02,22.62,22.99,22.75,0.24,1.0549,16294.25,37155.952
603076.SH,20260420,29.17,29.32,28.67,29.16,29.31,-0.15,-0.5118,28507.04,82601.675
603077.SH,20260420,3.12,3.29,3.1,3.26,3.12,0.14,4.4872,3897288.41,1260946.263
603078.SH,20260420,23.28,23.75,23.25,23.63,23.28,0.35,1.5034,110788.15,260668.359
603079.SH,20260420,16.85,17.56,16.85,17.47,17.03,0.44,2.5837,44536.63,76449.287
603080.SH,20260420,21.31,21.56,21.13,21.51,21.24,0.27,1.2712,23519.0,50460.214
603081.SH,20260420,12.41,12.48,12.25,12.3,12.4,-0.1,-0.8065,58869.0,72592.228
603082.SH,20260420,37.4,37.6,36.88,37.1,37.46,-0.36,-0.961,13237.0,49163.102
603083.SH,20260420,159.67,159.78,150.05,152.3,145.29,7.01,4.8248,629690.86,9720297.505
603085.SH,20260420,11.8,12.07,11.76,12.02,11.87,0.15,1.2637,93392.89,111412.271
603086.SH,20260420,7.62,7.8,7.62,7.8,7.63,0.17,2.228,110523.2,85385.616
603087.SH,20260420,64.93,65.44,64.64,65.0,65.15,-0.15,-0.2302,39739.85,258383.505
603088.SH,20260420,13.8,14.27,13.6,13.87,13.75,0.12,0.8727,414489.94,576889.669
603089.SH,20260420,12.88,12.95,12.75,12.85,12.85,0.0,0.0,19537.0,25100.949
603090.SH,20260420,74.98,76.3,72.16,72.85,74.25,-1.4,-1.8855,62358.32,460103.198
603091.SH,20260420,79.0,80.84,79.0,79.8,79.42,0.38,0.4785,3506.0,28090.03
603092.SH,20260420,68.3,70.65,68.03,70.54,68.8,1.74,2.5291,20154.07,140151.641
603093.SH,20260420,20.3,20.54,20.02,20.39,20.18,0.21,1.0406,95988.0,195207.459
603095.SH,20260420,18.21,18.21,17.67,17.79,18.25,-0.46,-2.5205,31431.04,56175.273
603096.SH,20260420,17.15,17.73,17.03,17.68,17.17,0.51,2.9703,21944.4,38282.335
603097.SH,20260420,33.39,33.79,32.9,33.76,33.19,0.57,1.7174,41003.0,137192.783
603098.SH,20260420,14.28,15.06,14.24,14.81,14.19,0.62,4.3693,132920.62,196355.691
603099.SH,20260420,35.76,36.02,35.36,36.02,36.04,-0.02,-0.0555,41048.51,147066.015
603100.SH,20260420,19.92,19.92,19.53,19.72,19.9,-0.18,-0.9045,68191.59,134234.338
603101.SH,20260420,9.89,10.35,9.86,10.08,9.95,0.13,1.3065,401297.06,405511.568
603102.SH,20260420,40.08,40.9,39.81,40.66,39.96,0.7,1.7518,7694.0,31212.277
603103.SH,20260420,23.3,23.9,23.04,23.71,24.09,-0.38,-1.5774,231879.49,543929.519
603105.SH,20260420,10.82,11.24,10.82,11.22,10.88,0.34,3.125,262329.45,290045.232
603106.SH,20260420,9.08,9.17,9.08,9.13,9.11,0.02,0.2195,36361.3,33224.701
603107.SH,20260420,14.51,14.51,14.41,14.48,14.51,-0.03,-0.2068,15049.0,21750.596
603108.SH,20260420,12.8,14.1,12.72,14.1,12.82,1.28,9.9844,427032.24,583775.099
603109.SH,20260420,24.28,24.92,23.8,24.75,24.18,0.57,2.3573,69278.97,170297.62
603110.SH,20260420,17.78,18.11,17.42,18.02,17.64,0.38,2.1542,96683.55,172347.791
603111.SH,20260420,6.81,6.85,6.79,6.84,6.84,0.0,0.0,39467.5,26931.2
603112.SH,20260420,20.27,20.81,20.06,20.66,20.25,0.41,2.0247,123319.0,253492.988
603113.SH,20260420,7.18,7.2,6.93,7.01,7.17,-0.16,-2.2315,219168.99,153319.99
603115.SH,20260420,46.57,47.0,43.71,44.26,47.32,-3.06,-6.4666,108782.8,487024.111
603116.SH,20260420,5.56,5.65,5.52,5.62,5.56,0.06,1.0791,45717.0,25602.442
603117.SH,20260420,4.54,4.57,4.5,4.57,4.52,0.05,1.1062,76838.99,34886.366
603118.SH,20260420,15.03,15.03,14.65,14.85,15.18,-0.33,-2.1739,991750.12,1472168.858
603119.SH,20260420,78.0,78.0,75.5,76.44,78.73,-2.29,-2.9087,137735.0,1055492.886
603120.SH,20260420,39.45,39.74,38.9,39.69,39.45,0.24,0.6084,9366.32,36770.136
603121.SH,20260420,22.32,22.59,21.62,21.91,22.44,-0.53,-2.3619,94228.6,208237.045
603122.SH,20260420,16.16,16.6,15.86,16.38,16.16,0.22,1.3614,268256.0,436244.21
603123.SH,20260420,12.41,12.56,12.3,12.52,12.41,0.11,0.8864,267741.25,333969.617
603124.SH,20260420,124.52,124.65,119.02,122.75,124.02,-1.27,-1.024,23483.0,284655.532
603125.SH,20260420,18.26,18.34,18.09,18.18,18.26,-0.08,-0.4381,22369.0,40706.003
603126.SH,20260420,7.93,8.15,7.88,8.04,7.9,0.14,1.7722,94221.85,75605.773
603127.SH,20260420,36.6,38.2,36.4,37.66,36.93,0.73,1.9767,264556.22,993999.888
603128.SH,20260420,5.62,5.65,5.61,5.63,5.63,0.0,0.0,76868.0,43289.166
603129.SH,20260420,276.04,276.04,265.0,272.68,278.01,-5.33,-1.9172,19786.43,535088.297
603130.SH,20260420,41.0,44.48,40.44,44.48,40.44,4.04,9.9901,44630.3,194029.16
603131.SH,20260420,21.19,22.15,21.19,22.1,21.19,0.91,4.2945,126379.24,275422.851
603132.SH,20260420,19.02,19.65,18.79,19.48,19.03,0.45,2.3647,91339.77,177036.377
603135.SH,20260420,11.13,11.76,11.1,11.4,11.02,0.38,3.4483,78052.84,88879.956
603136.SH,20260420,11.0,11.04,10.81,11.01,11.29,-0.28,-2.4801,68482.57,75052.807
603137.SH,20260420,13.48,13.49,13.33,13.46,13.4,0.06,0.4478,16720.0,22470.777
603138.SH,20260420,20.66,21.35,20.5,20.91,20.9,0.01,0.0478,150384.28,315658.734
603139.SH,20260420,30.22,33.13,30.22,32.54,30.12,2.42,8.0345,96443.02,314371.062
603150.SH,20260420,59.38,59.65,57.55,59.12,59.09,0.03,0.0508,16940.0,99429.056
603151.SH,20260420,16.72,17.37,16.59,16.79,17.0,-0.21,-1.2353,31988.37,53620.141
603153.SH,20260420,16.52,16.62,16.41,16.55,16.52,0.03,0.1816,12059.0,19913.846
603155.SH,20260420,16.06,16.26,16.0,16.24,16.11,0.13,0.807,30913.93,49932.077
603156.SH,20260420,31.82,32.76,31.52,31.89,32.08,-0.19,-0.5923,63059.23,202528.017
603158.SH,20260420,13.21,13.99,13.2,13.57,13.26,0.31,2.3379,503148.24,687701.067
603159.SH,20260420,27.0,27.2,26.53,26.91,26.96,-0.05,-0.1855,19691.4,52961.314
603160.SH,20260420,69.0,70.52,69.0,69.87,69.3,0.57,0.8225,57431.58,401735.681
603161.SH,20260420,14.58,14.69,14.4,14.67,14.58,0.09,0.6173,20773.84,30258.873
603162.SH,20260420,14.41,14.5,13.9,14.05,14.31,-0.26,-1.8169,282592.18,399414.685
603163.SH,20260420,111.9,114.48,109.69,110.92,113.5,-2.58,-2.2731,26711.0,298834.159
603165.SH,20260420,16.7,16.96,16.5,16.77,16.72,0.05,0.299,157023.36,262624.477
603166.SH,20260420,14.25,14.25,13.85,13.93,14.12,-0.19,-1.3456,83524.53,116474.75
603167.SH,20260420,9.23,9.28,9.21,9.26,9.22,0.04,0.4338,28078.91,25967.578
603168.SH,20260420,6.47,6.49,6.36,6.48,6.51,-0.03,-0.4608,84662.42,54352.766
603169.SH,20260420,9.81,9.95,9.81,9.92,9.9,0.02,0.202,157233.88,155633.359
603170.SH,20260420,13.17,13.37,13.11,13.26,13.2,0.06,0.4545,18366.0,24361.252
603171.SH,20260420,56.8,57.15,55.47,57.04,56.93,0.11,0.1932,106753.48,600387.55
603172.SH,20260420,20.94,21.09,20.61,21.06,20.83,0.23,1.1042,14071.6,29417.53
603173.SH,20260420,42.98,43.56,42.6,43.1,42.83,0.27,0.6304,14676.0,63290.857
603175.SH,20260420,91.63,99.02,91.0,96.27,91.63,4.64,5.0638,58697.89,564432.873
603176.SH,20260420,5.51,5.53,5.41,5.47,5.5,-0.03,-0.5455,41763.0,22756.739
603177.SH,20260420,11.5,11.66,11.4,11.63,11.52,0.11,0.9549,54928.0,63553.118
603178.SH,20260420,18.23,19.16,17.99,19.16,17.42,1.74,9.9885,319495.37,608661.416
603179.SH,20260420,66.68,66.68,62.82,64.15,66.66,-2.51,-3.7654,163295.42,1053575.84
603180.SH,20260420,18.8,18.98,18.76,18.94,18.81,0.13,0.6911,5107.96,9651.728
603181.SH,20260420,15.02,15.24,15.0,15.1,15.02,0.08,0.5326,35158.31,53156.475
603182.SH,20260420,14.91,15.18,14.69,15.14,14.85,0.29,1.9529,48509.84,72624.259
603183.SH,20260420,4.61,4.64,4.53,4.62,4.59,0.03,0.6536,126610.98,58071.583
603185.SH,20260420,24.6,25.54,24.32,25.1,24.7,0.4,1.6194,194018.44,484825.798
603186.SH,20260420,75.89,77.34,73.9,75.25,75.35,-0.1,-0.1327,136258.0,1031299.156
603187.SH,20260420,14.9,14.98,14.6,14.95,14.98,-0.03,-0.2003,52405.04,77368.832
603188.SH,20260420,4.83,4.89,4.76,4.88,4.81,0.07,1.4553,109460.0,52991.847
603189.SH,20260420,13.73,13.73,13.73,13.73,15.25,-1.52,-9.9672,27340.0,37537.82
603190.SH,20260420,25.5,25.7,25.39,25.63,25.5,0.13,0.5098,9858.0,25185.248
603191.SH,20260420,21.28,21.59,21.07,21.41,21.28,0.13,0.6109,112779.99,241345.883
603192.SH,20260420,23.87,24.04,23.75,23.97,23.88,0.09,0.3769,7790.0,18624.057
603193.SH,20260420,24.63,26.0,24.38,25.49,24.38,1.11,4.5529,77172.58,194475.998
603194.SH,20260420,34.05,34.15,33.82,33.96,33.96,0.0,0.0,10014.7,34055.121
603195.SH,20260420,41.04,41.6,41.02,41.54,41.04,0.5,1.2183,21156.87,87598.322
603196.SH,20260420,32.0,33.47,31.92,32.28,32.0,0.28,0.875,79864.0,261698.905
603197.SH,20260420,33.38,33.88,33.07,33.53,33.37,0.16,0.4795,22923.0,77033.003
603198.SH,20260420,34.54,35.17,34.35,35.13,34.57,0.56,1.6199,36140.98,125746.543
603199.SH,20260420,37.81,38.12,37.55,37.95,37.92,0.03,0.0791,21244.0,80450.579
603200.SH,20260420,66.02,68.68,66.02,68.06,67.0,1.06,1.5821,126188.49,846180.05
603201.SH,20260420,16.45,16.69,16.43,16.68,16.54,0.14,0.8464,9416.19,15617.113
603202.SH,20260420,97.68,97.68,95.21,95.36,97.59,-2.23,-2.2851,14064.0,134871.545
603203.SH,20260420,48.25,48.5,45.47,46.23,48.25,-2.02,-4.1865,100295.6,466037.908
603205.SH,20260420,25.9,26.07,25.78,25.95,25.8,0.15,0.5814,6755.44,17539.794
603206.SH,20260420,17.32,17.51,17.12,17.14,17.32,-0.18,-1.0393,73027.03,126092.423
603207.SH,20260420,27.7,28.17,27.69,28.17,27.88,0.29,1.0402,8258.0,23062.259
603208.SH,20260420,13.17,13.32,13.03,13.24,13.12,0.12,0.9146,16372.43,21562.798
603209.SH,20260420,14.47,14.59,14.41,14.58,14.48,0.1,0.6906,27900.0,40441.629
603210.SH,20260420,16.63,16.66,16.52,16.55,16.62,-0.07,-0.4212,21058.85,34938.513
603211.SH,20260420,26.2,28.1,26.01,27.05,26.2,0.85,3.2443,212385.0,576495.519
603212.SH,20260420,13.73,13.9,13.63,13.76,13.84,-0.08,-0.578,177044.51,243506.491
603213.SH,20260420,13.38,13.53,13.36,13.48,13.43,0.05,0.3723,16476.88,22154.34
603214.SH,20260420,15.96,16.09,15.76,16.05,15.96,0.09,0.5639,23829.0,38108.422
603215.SH,20260420,19.22,19.22,19.0,19.06,19.17,-0.11,-0.5738,12466.0,23769.319
603216.SH,20260420,30.59,31.49,30.12,30.91,30.3,0.61,2.0132,63532.56,196006.546
603217.SH,20260420,26.36,26.96,26.32,26.63,26.45,0.18,0.6805,35107.64,93737.356
603218.SH,20260420,14.31,14.72,14.22,14.68,14.35,0.33,2.2997,155737.92,226574.069
603219.SH,20260420,16.32,16.78,16.24,16.66,16.27,0.39,2.397,66235.6,109833.046
603220.SH,20260420,32.01,32.17,30.58,30.88,32.24,-1.36,-4.2184,737912.26,2302666.261
603221.SH,20260420,11.49,11.49,11.28,11.4,11.39,0.01,0.0878,12840.0,14596.002
603222.SH,20260420,10.44,10.51,10.17,10.34,10.54,-0.2,-1.8975,256061.07,265454.788
603223.SH,20260420,9.05,9.05,8.6,8.76,8.83,-0.07,-0.7928,153493.28,134433.991
603225.SH,20260420,16.94,17.25,16.34,16.84,16.78,0.06,0.3576,244572.87,412884.522
603226.SH,20260420,40.15,40.15,38.32,38.72,40.15,-1.43,-3.5616,40661.57,157749.424
603227.SH,20260420,9.0,9.06,8.74,8.92,9.13,-0.21,-2.3001,435652.44,385771.032
603228.SH,20260420,65.4,66.52,64.5,64.72,66.2,-1.48,-2.2356,404913.32,2643583.179
603229.SH,20260420,10.08,10.12,9.96,9.97,10.07,-0.1,-0.993,66918.67,66869.802
603230.SH,20260420,11.11,11.16,11.06,11.15,11.16,-0.01,-0.0896,25742.01,28626.719
603231.SH,20260420,17.78,18.33,17.71,17.87,17.78,0.09,0.5062,19455.3,34770.466
603232.SH,20260420,19.99,20.0,19.71,19.91,20.11,-0.2,-0.9945,74900.0,148922.126
603233.SH,20260420,17.44,17.75,17.05,17.53,17.39,0.14,0.8051,51701.67,90108.642
603235.SH,20260420,26.66,26.77,26.55,26.7,26.75,-0.05,-0.1869,4218.0,11233.916
603236.SH,20260420,77.05,79.47,76.9,79.0,77.0,2.0,2.5974,79633.4,625457.413
603237.SH,20260420,17.19,17.37,17.06,17.37,17.14,0.23,1.3419,12447.81,21483.265
603238.SH,20260420,16.02,16.07,15.73,15.95,15.87,0.08,0.5041,21495.0,34142.166
603239.SH,20260420,24.21,24.67,23.85,24.0,24.17,-0.17,-0.7034,45976.02,110973.349
603248.SH,20260420,26.54,26.95,26.4,26.9,26.72,0.18,0.6737,72327.64,193744.634
603255.SH,20260420,29.91,30.5,29.59,30.43,29.9,0.53,1.7726,14420.0,43562.808
603256.SH,20260420,103.0,108.86,102.02,103.96,105.3,-1.34,-1.2726,314331.49,3290246.612
603257.SH,20260420,60.69,60.99,58.68,60.44,59.5,0.94,1.5798,16587.11,99511.932
603258.SH,20260420,18.02,18.03,17.71,17.71,17.97,-0.26,-1.4469,16874.91,30046.955
603259.SH,20260420,99.39,100.19,98.32,99.76,99.39,0.37,0.3723,373939.38,3712781.299
603260.SH,20260420,43.7,45.88,43.5,45.09,43.81,1.28,2.9217,125062.45,561513.622
603261.SH,20260420,34.63,36.71,34.58,36.71,34.96,1.75,5.0057,9862.0,35713.401
603262.SH,20260420,25.52,25.99,25.52,25.6,25.82,-0.22,-0.8521,11213.05,28913.094
603266.SH,20260420,19.86,20.06,19.8,19.97,19.98,-0.01,-0.0501,19375.0,38696.865
603267.SH,20260420,52.2,53.57,52.1,53.53,52.3,1.23,2.3518,69786.44,369698.439
603268.SH,20260420,124.0,133.34,122.01,133.34,121.22,12.12,9.9984,132401.1,1744684.384
603269.SH,20260420,15.52,16.31,15.52,15.94,15.68,0.26,1.6582,265243.06,423710.003
603270.SH,20260420,26.19,26.5,25.91,26.41,26.19,0.22,0.84,22823.0,59968.84
603271.SH,20260420,52.5,52.85,49.71,51.01,50.55,0.46,0.91,79966.62,408538.189
603272.SH,20260420,27.54,27.54,27.54,27.54,30.6,-3.06,-10.0,3991.0,10991.214
603273.SH,20260420,17.77,17.96,17.73,17.81,17.91,-0.1,-0.5583,12017.0,21392.572
603275.SH,20260420,47.67,48.8,47.67,47.9,47.65,0.25,0.5247,16527.09,79669.557
603276.SH,20260420,16.86,16.97,16.72,16.88,16.89,-0.01,-0.0592,16039.29,27042.567
603277.SH,20260420,14.37,14.45,14.13,14.16,14.43,-0.27,-1.8711,13422.8,19127.586
603278.SH,20260420,12.29,12.95,12.12,12.65,12.01,0.64,5.3289,708986.83,880223.231
603279.SH,20260420,18.72,18.85,18.41,18.42,18.73,-0.31,-1.6551,58061.36,107675.379
603280.SH,20260420,35.18,35.18,34.65,34.97,34.81,0.16,0.4596,10881.0,37972.763
603281.SH,20260420,38.0,38.13,37.1,37.96,37.72,0.24,0.6363,28178.0,106162.678
603282.SH,20260420,20.4,21.3,20.33,21.17,21.16,0.01,0.0473,16178.0,33872.63
603283.SH,20260420,50.77,51.38,50.05,50.82,50.67,0.15,0.296,122425.71,621850.606
603284.SH,20260420,55.86,56.4,54.52,56.37,56.0,0.37,0.6607,31110.12,172882.982
603285.SH,20260420,38.35,41.0,37.45,39.8,37.42,2.38,6.3602,88111.19,349012.677
603286.SH,20260420,62.95,64.7,61.13,64.31,62.93,1.38,2.1929,41463.03,262130.649
603288.SH,20260420,39.9,40.45,39.72,40.29,39.94,0.35,0.8763,140564.59,564909.317
603289.SH,20260420,12.26,12.27,11.95,11.95,12.17,-0.22,-1.8077,68209.3,82218.664
603290.SH,20260420,99.5,103.02,99.46,102.34,99.46,2.88,2.8956,52151.9,530219.37
603291.SH,20260420,11.7,12.05,11.66,11.98,11.75,0.23,1.9574,51579.0,61548.932
603293.SH,20260420,63.33,63.33,60.58,60.75,64.71,-3.96,-6.1196,130920.19,806878.013
603296.SH,20260420,99.0,104.45,99.0,103.0,97.4,5.6,5.7495,183398.87,1884552.903
603297.SH,20260420,112.74,114.89,111.0,112.8,112.69,0.11,0.0976,15772.3,177398.958
603298.SH,20260420,25.55,25.84,25.08,25.65,25.33,0.32,1.2633,53350.44,136236.855
603299.SH,20260420,11.19,11.22,10.92,10.95,11.22,-0.27,-2.4064,85896.98,94735.969
603300.SH,20260420,7.15,7.22,7.06,7.09,7.17,-0.08,-1.1158,647929.39,460905.821
603301.SH,20260420,96.2,97.0,93.5,94.65,95.36,-0.71,-0.7445,28511.1,270093.686
603303.SH,20260420,15.79,16.18,15.56,16.04,15.8,0.24,1.519,21958.24,35200.417
603305.SH,20260420,15.31,15.35,15.14,15.19,15.25,-0.06,-0.3934,224050.35,340773.846
603306.SH,20260420,107.5,109.0,105.58,106.38,108.27,-1.89,-1.7456,131772.95,1412474.447
603307.SH,20260420,40.19,40.19,39.22,39.83,39.4,0.43,1.0914,4088.0,16151.768
603308.SH,20260420,70.87,71.96,68.58,71.49,71.1,0.39,0.5485,187294.79,1325650.685
603309.SH,20260420,14.31,14.4,12.97,13.12,14.41,-1.29,-8.9521,194249.5,258788.239
603310.SH,20260420,16.17,16.34,16.11,16.29,16.15,0.14,0.8669,14832.0,24125.517
603311.SH,20260420,19.9,19.9,18.75,18.96,19.9,-0.94,-4.7236,126133.0,240971.126
603312.SH,20260420,42.09,42.33,41.55,41.93,42.0,-0.07,-0.1667,13028.79,54522.868
603313.SH,20260420,7.81,8.09,7.74,7.98,7.8,0.18,2.3077,78517.68,62508.047
603315.SH,20260420,19.06,19.44,16.81,17.6,18.52,-0.92,-4.9676,589103.74,1036808.051
603316.SH,20260420,15.58,15.89,15.42,15.88,15.6,0.28,1.7949,105458.0,165818.502
603317.SH,20260420,13.06,13.47,13.06,13.4,13.06,0.34,2.6034,73583.64,98127.876
603318.SH,20260420,7.85,8.47,7.85,8.47,7.7,0.77,10.0,547688.91,447296.031
603319.SH,20260420,34.97,35.15,33.81,33.93,34.97,-1.04,-2.974,143937.28,493793.379
603320.SH,20260420,22.25,23.78,22.05,23.53,22.29,1.24,5.563,64470.69,147932.421
603321.SH,20260420,7.37,7.41,7.28,7.39,7.34,0.05,0.6812,26686.0,19637.764
603322.SH,20260420,37.47,38.6,37.3,37.55,38.09,-0.54,-1.4177,229095.62,865088.83
603323.SH,20260420,4.85,4.89,4.84,4.88,4.85,0.03,0.6186,181701.14,88488.41
603324.SH,20260420,26.11,26.44,25.86,26.32,26.16,0.16,0.6116,19039.2,49959.737
603325.SH,20260420,76.3,76.9,75.86,76.67,76.42,0.25,0.3271,6795.8,51983.124
603326.SH,20260420,8.69,8.8,8.55,8.76,8.65,0.11,1.2717,42720.0,37252.867
603327.SH,20260420,10.97,10.97,10.56,10.71,10.74,-0.03,-0.2793,571012.0,611173.949
603328.SH,20260420,13.07,13.31,13.0,13.12,13.09,0.03,0.2292,310072.07,407201.702
603329.SH,20260420,10.34,10.39,10.22,10.39,10.34,0.05,0.4836,16122.7,16648.699
603330.SH,20260420,6.9,7.23,6.85,7.08,6.9,0.18,2.6087,94305.0,66599.15
603331.SH,20260420,15.22,15.5,15.08,15.39,15.23,0.16,1.0506,63574.76,97417.302
603332.SH,20260420,13.58,14.52,13.58,14.52,13.2,1.32,10.0,170973.43,242107.903
603333.SH,20260420,7.77,7.95,7.72,7.92,7.76,0.16,2.0619,86949.75,68245.947
603334.SH,20260420,53.99,54.3,53.02,53.4,54.0,-0.6,-1.1111,12246.0,65683.685
603335.SH,20260420,6.5,6.99,6.45,6.7,6.5,0.2,3.0769,383833.79,258602.073
603336.SH,20260420,9.5,10.11,9.42,10.0,9.45,0.55,5.8201,248162.48,246533.707
603337.SH,20260420,40.01,40.45,39.6,39.8,39.8,0.0,0.0,20602.0,82302.879
603338.SH,20260420,50.9,50.99,50.0,50.16,50.89,-0.73,-1.4345,50582.25,254449.526
603339.SH,20260420,13.39,13.75,13.27,13.74,13.39,0.35,2.6139,37686.54,51107.455
603341.SH,20260420,38.83,39.25,38.83,39.01,38.95,0.06,0.154,63703.95,248663.811
603344.SH,20260420,27.9,28.2,27.75,28.13,27.96,0.17,0.608,11554.4,32408.548
603345.SH,20260420,93.0,94.66,91.61,92.77,92.79,-0.02,-0.0216,36044.99,336003.881
603348.SH,20260420,20.23,20.33,20.15,20.3,20.23,0.07,0.346,23514.22,47615.288
603350.SH,20260420,36.9,36.9,36.31,36.62,36.92,-0.3,-0.8126,20378.79,74365.238
603351.SH,20260420,26.2,26.34,25.92,26.25,26.2,0.05,0.1908,9029.2,23570.462
603352.SH,20260420,38.3,38.55,38.22,38.33,38.32,0.01,0.0261,14079.55,53998.673
603353.SH,20260420,39.47,39.6,37.79,37.98,39.01,-1.03,-2.6403,55004.0,211602.693
603355.SH,20260420,26.85,27.41,26.85,27.08,26.99,0.09,0.3335,20185.04,54804.568
603356.SH,20260420,16.65,17.74,16.57,17.32,16.64,0.68,4.0865,56482.0,97667.065
603357.SH,20260420,8.11,8.18,8.07,8.16,8.1,0.06,0.7407,33320.84,27084.316
603358.SH,20260420,35.41,38.5,35.41,37.16,35.37,1.79,5.0608,181137.91,678438.036
603359.SH,20260420,5.76,5.82,5.69,5.79,5.72,0.07,1.2238,75840.39,43743.334
603360.SH,20260420,26.66,26.75,24.02,24.02,26.69,-2.67,-10.0037,319778.76,799136.38
603363.SH,20260420,4.18,4.2,4.08,4.14,4.13,0.01,0.2421,459314.0,189711.927
603365.SH,20260420,20.6,21.22,20.5,21.05,20.58,0.47,2.2838,12844.0,26866.375
603366.SH,20260420,8.75,8.8,8.65,8.8,8.76,0.04,0.4566,156046.21,136183.908
603367.SH,20260420,15.96,16.1,15.86,15.99,16.02,-0.03,-0.1873,52145.02,83132.314
603368.SH,20260420,16.9,16.96,16.85,16.9,16.91,-0.01,-0.0591,20066.0,33922.834
603369.SH,20260420,25.71,26.03,25.49,25.88,25.71,0.17,0.6612,75578.32,194556.664
603370.SH,20260420,44.42,45.4,44.2,44.85,44.29,0.56,1.2644,7538.11,33909.94
603373.SH,20260420,41.17,41.17,39.85,39.99,41.17,-1.18,-2.8662,21012.87,84460.715
603375.SH,20260420,41.8,42.1,40.53,41.68,42.79,-1.11,-2.5941,59139.47,244266.115
603376.SH,20260420,33.71,33.89,33.56,33.86,33.71,0.15,0.445,7595.95,25658.953
603377.SH,20260420,3.89,3.89,3.7,3.72,3.86,-0.14,-3.6269,129349.71,48509.783
603378.SH,20260420,5.51,5.63,5.36,5.56,5.5,0.06,1.0909,69454.45,38155.027
603379.SH,20260420,62.6,63.75,61.91,62.27,62.55,-0.28,-0.4476,83816.39,524993.167
603380.SH,20260420,37.5,37.5,36.66,37.1,36.78,0.32,0.87,19422.0,72065.043
603381.SH,20260420,23.26,24.25,22.9,23.86,23.26,0.6,2.5795,87590.22,209184.45
603382.SH,20260420,27.22,27.55,27.08,27.46,27.22,0.24,0.8817,7564.8,20732.557
603383.SH,20260420,31.98,32.18,31.8,32.0,32.18,-0.18,-0.5594,48702.05,155816.422
603385.SH,20260420,6.37,6.46,6.34,6.44,6.36,0.08,1.2579,35348.4,22637.066
603386.SH,20260420,14.35,14.66,14.24,14.49,14.35,0.14,0.9756,61718.72,89456.432
603387.SH,20260420,9.4,9.67,9.36,9.66,9.46,0.2,2.1142,192035.94,184230.216
603389.SH,20260420,49.9,53.38,49.89,51.96,51.08,0.88,1.7228,24344.0,127642.59
603390.SH,20260420,12.01,12.12,11.96,12.11,12.0,0.11,0.9167,29662.0,35810.25
603391.SH,20260420,65.15,66.66,64.93,66.05,65.15,0.9,1.3814,13747.25,90671.884
603392.SH,20260420,39.5,40.78,39.4,40.55,39.66,0.89,2.2441,40557.18,163170.434
603393.SH,20260420,32.6,33.68,32.55,33.59,32.6,0.99,3.0368,142701.21,476643.271
603395.SH,20260420,27.77,28.1,27.77,28.08,27.86,0.22,0.7897,17568.7,49156.109
603396.SH,20260420,35.83,36.3,35.54,36.25,35.83,0.42,1.1722,35701.75,128573.996
603398.SH,20260420,12.1,12.3,11.5,11.5,12.11,-0.61,-5.0372,141770.25,165990.641
603399.SH,20260420,12.85,13.2,12.61,12.7,12.85,-0.15,-1.1673,383599.44,489849.718
603400.SH,20260420,66.1,68.88,65.0,67.69,69.88,-2.19,-3.1339,27262.99,182974.757
603402.SH,20260420,137.11,137.99,135.1,136.88,136.9,-0.02,-0.0146,13125.78,179794.342
603406.SH,20260420,34.9,35.1,34.55,35.04,34.89,0.15,0.4299,10677.28,37162.482
603408.SH,20260420,12.07,12.15,11.98,12.02,12.08,-0.06,-0.4967,15540.0,18748.645
603409.SH,20260420,43.53,43.99,42.8,43.53,43.54,-0.01,-0.023,50425.66,218159.514
603416.SH,20260420,52.76,52.76,51.5,52.1,52.19,-0.09,-0.1724,21670.41,112814.066
603418.SH,20260420,51.3,51.5,51.06,51.26,51.27,-0.01,-0.0195,7223.89,37004.507
603421.SH,20260420,8.21,8.33,8.15,8.29,8.21,0.08,0.9744,152348.2,126118.183
603429.SH,20260420,10.2,10.25,9.97,10.14,9.98,0.16,1.6032,52261.4,52761.787
603439.SH,20260420,11.02,11.07,10.87,11.02,10.98,0.04,0.3643,15962.0,17513.684
603444.SH,20260420,383.01,388.8,381.7,388.38,382.98,5.4,1.41,24408.41,941893.002
603456.SH,20260420,16.95,17.09,16.92,16.96,17.02,-0.06,-0.3525,97642.0,165838.881
603458.SH,20260420,11.95,12.51,11.73,12.4,11.95,0.45,3.7657,204383.3,249090.465
603459.SH,20260420,65.73,65.75,62.56,62.91,67.29,-4.38,-6.5091,334093.79,2132301.8
603466.SH,20260420,9.55,9.73,9.52,9.7,9.55,0.15,1.5707,184409.74,178335.934
603477.SH,20260420,18.92,18.98,18.02,18.41,18.59,-0.18,-0.9683,229990.16,421545.985
603486.SH,20260420,62.44,65.23,62.23,64.77,62.45,2.32,3.715,89360.35,572397.196
603488.SH,20260420,11.17,11.37,11.12,11.26,11.2,0.06,0.5357,63441.0,71366.354
603489.SH,20260420,34.93,38.35,34.86,38.35,34.86,3.49,10.0115,81660.15,303006.146
603496.SH,20260420,29.89,30.35,29.58,29.75,29.9,-0.15,-0.5017,140825.31,421447.261
603499.SH,20260420,21.85,22.55,21.59,22.35,21.96,0.39,1.776,60234.85,133035.744
603500.SH,20260420,11.26,11.26,11.08,11.19,11.15,0.04,0.3587,30889.54,34476.652
603501.SH,20260420,93.04,94.49,92.98,93.78,93.04,0.74,0.7954,179734.65,1682601.896
603505.SH,20260420,17.88,18.15,17.73,18.01,17.85,0.16,0.8964,140750.22,252642.336
603506.SH,20260420,12.4,12.56,12.25,12.54,12.39,0.15,1.2107,20737.6,25811.204
603507.SH,20260420,44.84,45.45,43.54,45.45,45.07,0.38,0.8431,149211.79,664903.081
603508.SH,20260420,24.46,24.73,24.41,24.61,24.48,0.13,0.531,29635.84,72966.662
603511.SH,20260420,14.14,14.29,14.01,14.25,14.09,0.16,1.1356,13758.0,19475.807
603515.SH,20260420,20.35,21.03,20.35,20.77,20.36,0.41,2.0138,26190.63,54434.95
603516.SH,20260420,146.0,151.8,144.68,149.55,147.3,2.25,1.5275,59220.96,884179.217
603517.SH,20260420,12.63,12.89,12.56,12.89,12.66,0.23,1.8167,35810.0,45606.547
603518.SH,20260420,8.97,9.05,8.86,9.03,8.97,0.06,0.6689,28530.0,25607.767
603519.SH,20260420,14.22,14.38,13.85,13.97,14.09,-0.12,-0.8517,63568.4,88987.025
603520.SH,20260420,10.95,11.08,10.82,10.96,10.94,0.02,0.1828,177762.21,194427.905
603527.SH,20260420,12.1,12.35,12.0,12.24,12.13,0.11,0.9068,181902.78,222140.988
603528.SH,20260420,8.23,8.26,8.17,8.22,8.2,0.02,0.2439,46475.0,38177.162
603529.SH,20260420,28.87,29.07,28.33,29.07,28.84,0.23,0.7975,94519.24,271468.233
603530.SH,20260420,62.13,62.14,60.26,60.98,62.15,-1.17,-1.8825,73227.18,447052.143
603533.SH,20260420,25.3,26.75,25.23,26.36,25.48,0.88,3.4537,220831.0,580888.351
603535.SH,20260420,8.21,8.31,8.21,8.25,8.26,-0.01,-0.1211,28523.37,23547.365
603536.SH,20260420,9.85,9.97,9.81,9.97,9.93,0.04,0.4028,36122.8,35773.964
603538.SH,20260420,53.34,53.51,50.75,51.41,52.5,-1.09,-2.0762,488199.23,2533657.507
603551.SH,20260420,11.86,12.24,11.82,12.18,11.9,0.28,2.3529,30054.0,36329.847
603556.SH,20260420,34.33,34.85,33.68,34.15,34.56,-0.41,-1.1863,72776.89,249190.449
603557.SH,20260420,4.3,4.3,4.07,4.07,4.28,-0.21,-4.9065,164324.82,68234.12
603558.SH,20260420,13.73,13.73,13.32,13.53,13.72,-0.19,-1.3848,63006.49,84936.341
603559.SH,20260420,7.17,7.24,7.15,7.18,7.16,0.02,0.2793,20038.0,14416.211
603565.SH,20260420,11.65,11.85,11.59,11.78,11.65,0.13,1.1159,123961.29,145270.662
603566.SH,20260420,12.68,12.73,12.51,12.64,12.64,0.0,0.0,28848.0,36352.672
603567.SH,20260420,6.65,6.74,6.61,6.67,6.7,-0.03,-0.4478,109940.0,73242.806
603568.SH,20260420,22.31,22.31,21.02,21.27,23.3,-2.03,-8.7124,296652.3,634819.483
603569.SH,20260420,6.78,6.85,6.76,6.83,6.8,0.03,0.4412,28675.56,19543.688
603577.SH,20260420,10.93,11.42,10.81,11.38,11.01,0.37,3.3606,86305.2,96896.976
603578.SH,20260420,12.56,13.68,12.48,13.62,12.53,1.09,8.6991,101135.82,134566.547
603579.SH,20260420,20.03,20.26,19.95,20.15,20.03,0.12,0.5991,30014.67,60505.263
603580.SH,20260420,19.63,20.35,19.11,20.03,19.38,0.65,3.354,29337.0,58422.097
603583.SH,20260420,33.33,33.57,32.99,33.05,33.42,-0.37,-1.1071,40846.98,135934.515
603585.SH,20260420,24.06,24.12,23.3,23.59,24.06,-0.47,-1.9534,113119.17,266959.089
603586.SH,20260420,18.34,18.48,18.18,18.32,18.34,-0.02,-0.1091,14832.0,27231.142
603587.SH,20260420,12.54,12.9,12.22,12.83,12.54,0.29,2.3126,71340.99,90027.095
603588.SH,20260420,15.57,15.88,15.1,15.42,15.69,-0.27,-1.7208,712070.94,1094001.104
603589.SH,20260420,24.75,24.81,24.55,24.6,24.73,-0.13,-0.5257,26900.79,66348.67
603590.SH,20260420,37.83,38.59,36.36,36.45,38.61,-2.16,-5.5944,50755.0,187538.096
603595.SH,20260420,17.1,17.56,17.01,17.56,16.72,0.84,5.0239,82295.4,143894.376
603596.SH,20260420,46.01,46.11,45.6,45.82,45.96,-0.14,-0.3046,71644.51,328690.668
603598.SH,20260420,21.28,22.75,21.02,22.03,21.23,0.8,3.7683,319442.0,701645.017
603599.SH,20260420,13.74,13.82,13.31,13.62,13.82,-0.2,-1.4472,127027.49,171682.79
603600.SH,20260420,11.01,11.18,10.91,11.1,11.0,0.1,0.9091,37544.0,41535.498
603601.SH,20260420,14.89,15.95,14.8,15.57,14.77,0.8,5.4164,2543360.38,3922424.192
603602.SH,20260420,13.39,13.4,13.28,13.37,13.32,0.05,0.3754,21648.88,28905.818
603605.SH,20260420,59.2,60.88,58.91,60.15,59.24,0.91,1.5361,33318.78,199617.941
603606.SH,20260420,60.15,61.7,59.71,61.0,60.05,0.95,1.582,137084.47,836271.953
603607.SH,20260420,23.2,23.78,22.84,23.51,23.22,0.29,1.2489,43440.0,100645.601
603608.SH,20260420,11.8,12.7,11.56,12.16,11.58,0.58,5.0086,348274.91,424156.285
603609.SH,20260420,7.0,7.01,6.93,6.98,6.97,0.01,0.1435,26898.01,18729.29
603610.SH,20260420,15.67,16.04,15.4,15.69,15.75,-0.06,-0.381,61722.09,96964.577
603611.SH,20260420,20.55,20.69,20.4,20.67,20.57,0.1,0.4861,23565.0,48589.68
603612.SH,20260420,27.51,28.25,27.08,27.79,27.5,0.29,1.0545,169365.8,470633.873
603613.SH,20260420,27.77,28.83,27.67,28.44,27.8,0.64,2.3022,140379.53,398829.533
603615.SH,20260420,19.59,20.28,19.15,19.88,19.16,0.72,3.7578,67859.69,134594.993
603616.SH,20260420,6.33,6.48,6.3,6.47,6.37,0.1,1.5699,94191.0,60464.871
603617.SH,20260420,7.38,7.48,7.37,7.44,7.42,0.02,0.2695,44730.31,33268.842
603618.SH,20260420,24.32,26.27,24.13,25.44,24.12,1.32,5.4726,942601.17,2394586.191
603619.SH,20260420,33.3,33.79,32.44,33.24,33.55,-0.31,-0.924,237314.99,783903.654
603626.SH,20260420,24.45,24.67,23.57,23.9,24.45,-0.55,-2.2495,339120.87,819563.097
603628.SH,20260420,13.23,13.32,13.19,13.3,13.24,0.06,0.4532,54832.91,72732.854
603629.SH,20260420,108.0,109.97,104.0,107.28,105.44,1.84,1.7451,544924.82,5828984.115
603630.SH,20260420,16.41,16.61,16.12,16.58,16.33,0.25,1.5309,26527.0,43698.905
603633.SH,20260420,8.52,8.63,8.34,8.61,8.44,0.17,2.0142,181323.06,153735.688
603636.SH,20260420,9.33,9.37,9.28,9.3,9.33,-0.03,-0.3215,55244.0,51536.922
603637.SH,20260420,14.69,15.49,14.46,15.42,14.64,0.78,5.3279,161552.86,243527.638
603638.SH,20260420,21.01,22.27,20.68,21.85,20.8,1.05,5.0481,137888.37,298124.542
603639.SH,20260420,13.23,13.23,13.01,13.12,13.2,-0.08,-0.6061,25023.0,32790.991
603648.SH,20260420,9.98,9.99,9.74,9.83,9.96,-0.13,-1.3052,22822.0,22377.962
603650.SH,20260420,53.99,54.42,52.79,53.87,54.01,-0.14,-0.2592,146511.3,788583.821
603655.SH,20260420,41.82,41.93,41.05,41.06,41.91,-0.85,-2.0282,19512.0,80658.014
603656.SH,20260420,21.12,21.19,20.68,21.02,21.12,-0.1,-0.4735,25743.0,53841.544
603657.SH,20260420,25.9,26.55,25.84,26.4,25.95,0.45,1.7341,16234.0,42624.44
603658.SH,20260420,33.95,34.25,33.94,34.04,34.15,-0.11,-0.3221,15328.04,52261.069
603659.SH,20260420,35.53,36.19,34.37,35.39,35.91,-0.52,-1.4481,507057.57,1789611.913
603660.SH,20260420,10.02,10.48,9.98,10.24,10.01,0.23,2.2977,233366.4,238874.117
603661.SH,20260420,31.3,31.89,31.09,31.35,31.3,0.05,0.1597,8192.0,25761.688
603662.SH,20260420,57.8,57.85,57.2,57.29,57.33,-0.04,-0.0698,32800.0,188527.7
603663.SH,20260420,45.64,49.37,45.62,48.7,45.61,3.09,6.7748,138893.92,665323.939
603665.SH,20260420,28.27,28.99,27.91,28.34,28.31,0.03,0.106,39066.0,110833.928
603666.SH,20260420,27.32,27.35,26.89,27.15,27.3,-0.15,-0.5495,26730.65,72521.176
603667.SH,20260420,70.72,71.49,69.88,70.16,70.55,-0.39,-0.5528,198007.65,1396340.509
603668.SH,20260420,13.9,13.94,13.56,13.88,13.72,0.16,1.1662,91330.9,125868.385
603669.SH,20260420,4.46,4.49,4.35,4.47,4.43,0.04,0.9029,109840.0,48657.587
603676.SH,20260420,10.19,10.45,10.11,10.29,10.25,0.04,0.3902,23922.0,24570.594
603677.SH,20260420,15.63,15.69,15.51,15.62,15.56,0.06,0.3856,14335.38,22358.345
603678.SH,20260420,34.83,35.47,34.51,35.14,34.82,0.32,0.919,127916.78,449722.472
603679.SH,20260420,14.16,14.24,14.01,14.23,14.16,0.07,0.4944,35604.08,50349.563
603680.SH,20260420,13.25,13.39,12.95,13.34,13.25,0.09,0.6792,50712.62,66901.656
603681.SH,20260420,18.0,18.34,17.91,18.24,18.05,0.19,1.0526,57141.23,103696.459
603682.SH,20260420,7.08,7.22,6.9,7.2,7.26,-0.06,-0.8264,208325.0,146933.347
603683.SH,20260420,28.9,29.16,28.31,28.66,29.0,-0.34,-1.1724,149024.04,427782.245
603685.SH,20260420,31.71,31.95,30.63,31.03,31.56,-0.53,-1.6793,43461.98,136167.194
603686.SH,20260420,18.88,19.14,18.81,19.06,18.88,0.18,0.9534,110702.0,210908.103
603687.SH,20260420,19.2,19.88,18.48,19.09,19.25,-0.16,-0.8312,1054442.92,2008341.52
603688.SH,20260420,53.0,53.55,50.9,50.95,51.8,-0.85,-1.6409,265317.54,1377251.929
603689.SH,20260420,8.11,8.13,8.08,8.13,8.1,0.03,0.3704,34103.42,27628.106
603690.SH,20260420,25.62,26.35,25.35,26.01,25.61,0.4,1.5619,125553.59,325292.618
603693.SH,20260420,14.08,14.54,14.0,14.51,14.11,0.4,2.8349,182285.9,262035.523
603696.SH,20260420,15.94,16.0,15.67,15.97,15.91,0.06,0.3771,42597.06,67699.894
603697.SH,20260420,9.83,9.96,9.78,9.95,9.82,0.13,1.3238,44796.44,44299.43
603698.SH,20260420,47.78,48.0,45.41,45.7,46.19,-0.49,-1.0608,656964.18,3037321.146
603699.SH,20260420,54.06,56.32,54.06,56.32,51.2,5.12,10.0,57514.88,320974.966
603700.SH,20260420,12.78,13.2,12.7,13.15,12.78,0.37,2.8951,82962.0,107040.047
603701.SH,20260420,24.88,25.55,24.3,25.0,24.86,0.14,0.5632,60211.1,151123.512
603703.SH,20260420,13.6,14.13,13.52,14.03,13.59,0.44,3.2377,140072.0,195234.209
603706.SH,20260420,19.93,20.34,19.86,20.33,19.61,0.72,3.6716,24684.0,49835.689
603707.SH,20260420,9.51,9.54,9.4,9.46,9.51,-0.05,-0.5258,80596.16,76144.527
603708.SH,20260420,11.55,12.03,11.35,11.37,11.39,-0.02,-0.1756,107498.52,123934.955
603709.SH,20260420,16.91,17.2,16.79,17.0,16.81,0.19,1.1303,13623.8,23131.09
603711.SH,20260420,12.56,12.61,12.48,12.57,12.56,0.01,0.0796,11153.0,14005.369
603712.SH,20260420,16.5,16.76,16.46,16.7,16.51,0.19,1.1508,89026.0,148182.456
603713.SH,20260420,59.73,59.92,58.6,59.5,59.76,-0.26,-0.4351,15681.48,92779.377
603716.SH,20260420,22.88,23.18,22.1,22.92,23.0,-0.08,-0.3478,190616.78,429455.523
603717.SH,20260420,6.82,6.84,6.74,6.8,6.78,0.02,0.295,64419.08,43724.663
603718.SH,20260420,4.15,4.22,3.94,4.12,4.31,-0.19,-4.4084,413570.76,167398.303
603719.SH,20260420,10.08,10.17,10.03,10.13,10.11,0.02,0.1978,18779.0,18982.128
603721.SH,20260420,22.16,22.16,21.1,21.37,22.2,-0.83,-3.7387,44799.5,95769.73
603722.SH,20260420,37.12,37.75,37.01,37.15,37.12,0.03,0.0808,10669.0,39873.095
603725.SH,20260420,9.17,9.32,8.9,9.19,9.17,0.02,0.2181,123166.95,111415.481
603726.SH,20260420,23.82,24.09,23.7,23.85,23.86,-0.01,-0.0419,19008.48,45416.255
603727.SH,20260420,18.53,19.28,17.74,18.23,19.71,-1.48,-7.5089,153574.77,280597.103
603728.SH,20260420,60.0,60.19,59.07,59.18,59.66,-0.48,-0.8046,48927.36,290920.067
603729.SH,20260420,16.65,16.78,16.4,16.71,16.56,0.15,0.9058,17999.0,29971.345
603730.SH,20260420,10.15,10.45,9.98,10.04,9.99,0.05,0.5005,202118.18,204561.809
603733.SH,20260420,21.4,21.65,21.26,21.47,21.47,0.0,0.0,34668.0,74459.139
603737.SH,20260420,49.37,50.08,48.91,49.17,49.49,-0.32,-0.6466,37016.48,182879.001
603738.SH,20260420,30.92,32.58,30.57,31.52,30.17,1.35,4.4746,664169.1,2093253.413
603739.SH,20260420,15.11,15.23,14.92,14.97,15.19,-0.22,-1.4483,33610.0,50502.377
603755.SH,20260420,28.68,28.76,28.25,28.75,28.71,0.04,0.1393,11100.84,31631.009
603757.SH,20260420,55.89,61.18,55.86,58.6,55.86,2.74,4.9051,244646.03,1432554.293
603758.SH,20260420,13.01,13.05,12.75,12.89,13.16,-0.27,-2.0517,55330.32,71080.938
603759.SH,20260420,9.32,9.45,9.3,9.44,9.33,0.11,1.179,38100.1,35824.076
603766.SH,20260420,15.2,15.58,14.55,15.16,15.6,-0.44,-2.8205,632082.37,953134.526
603767.SH,20260420,18.88,18.99,18.57,18.87,18.68,0.19,1.0171,27768.0,52257.608
603768.SH,20260420,11.0,11.13,10.94,11.1,11.07,0.03,0.271,20178.0,22301.079
603773.SH,20260420,56.6,58.19,56.2,58.19,52.9,5.29,10.0,95725.43,553391.474
603776.SH,20260420,19.99,20.75,19.91,20.29,20.06,0.23,1.1466,52830.5,107636.811
603777.SH,20260420,16.78,17.07,16.29,16.88,17.0,-0.12,-0.7059,240018.96,402216.053
603778.SH,20260420,24.82,26.68,24.82,26.68,24.25,2.43,10.0206,868160.32,2266638.764
603779.SH,20260420,6.32,6.32,6.2,6.3,6.31,-0.01,-0.1585,39863.45,24996.894
603786.SH,20260420,57.35,57.8,56.73,57.06,57.15,-0.09,-0.1575,34059.07,194564.886
603787.SH,20260420,12.49,12.73,12.45,12.72,12.59,0.13,1.0326,54715.0,69020.106
603788.SH,20260420,15.75,15.88,15.67,15.85,15.72,0.13,0.827,13136.6,20710.039
603789.SH,20260420,5.22,5.52,5.22,5.52,5.26,0.26,4.943,27782.8,15054.492
603790.SH,20260420,22.3,23.1,21.9,22.57,22.17,0.4,1.8042,37383.0,83761.572
603797.SH,20260420,4.67,4.71,4.61,4.69,4.68,0.01,0.2137,43037.11,20048.152
603798.SH,20260420,16.75,17.85,16.74,16.91,16.75,0.16,0.9552,161041.9,279783.318
603799.SH,20260420,65.8,66.65,64.95,65.78,66.21,-0.43,-0.6494,743150.05,4876396.336
603800.SH,20260420,47.4,49.0,45.0,47.73,47.49,0.24,0.5054,106224.62,507456.198
603801.SH,20260420,8.9,8.98,8.84,8.96,8.9,0.06,0.6742,22221.86,19831.81
603803.SH,20260420,15.3,16.1,15.25,15.7,15.75,-0.05,-0.3175,700442.26,1096959.593
603806.SH,20260420,17.2,17.59,17.04,17.23,17.19,0.04,0.2327,406123.48,702537.194
603808.SH,20260420,10.21,10.72,10.16,10.54,10.2,0.34,3.3333,167897.2,175110.089
603809.SH,20260420,11.23,11.3,11.16,11.21,11.24,-0.03,-0.2669,99653.44,111965.746
603810.SH,20260420,15.5,15.53,15.2,15.52,15.52,0.0,0.0,17915.55,27602.0
603811.SH,20260420,12.1,12.2,11.94,12.06,12.03,0.03,0.2494,58780.64,70846.9
603813.SH,20260420,27.81,28.77,27.81,28.77,27.4,1.37,5.0,16101.01,46066.942
603815.SH,20260420,6.63,6.63,6.38,6.43,6.57,-0.14,-2.1309,316193.0,203517.82
603816.SH,20260420,31.18,31.86,31.1,31.32,31.35,-0.03,-0.0957,63070.25,198532.716
603817.SH,20260420,7.07,7.18,7.01,7.16,7.08,0.08,1.1299,115551.0,82299.573
603818.SH,20260420,3.39,3.45,3.31,3.4,3.36,0.04,1.1905,142391.0,48054.923
603819.SH,20260420,14.52,14.81,14.25,14.62,14.71,-0.09,-0.6118,75460.71,110069.798
603822.SH,20260420,85.3,88.65,84.26,86.74,84.43,2.31,2.736,14667.7,127040.006
603823.SH,20260420,15.99,16.46,15.85,16.17,16.16,0.01,0.0619,80419.2,129916.492
603825.SH,20260420,8.26,8.35,8.25,8.31,8.25,0.06,0.7273,12824.0,10641.082
603826.SH,20260420,34.16,34.18,32.62,33.26,34.37,-1.11,-3.2296,174432.43,580515.816
603828.SH,20260420,5.88,5.9,5.72,5.77,5.87,-0.1,-1.7036,39229.0,22838.817
603829.SH,20260420,28.45,31.0,27.89,29.62,29.22,0.4,1.3689,158803.88,472041.857
603833.SH,20260420,50.55,51.2,49.73,49.9,50.6,-0.7,-1.3834,26488.37,133187.172
603836.SH,20260420,13.14,13.34,13.02,13.33,13.01,0.32,2.4596,41899.0,55200.411
603838.SH,20260420,8.99,9.32,8.74,8.89,8.88,0.01,0.1126,31476.0,28564.515
603839.SH,20260420,7.47,7.53,7.42,7.52,7.48,0.04,0.5348,26014.4,19471.924
603843.SH,20260420,7.69,8.02,7.69,8.02,7.64,0.38,4.9738,203969.2,162085.981
603848.SH,20260420,15.62,15.66,15.26,15.54,15.52,0.02,0.1289,12442.0,19292.807
603855.SH,20260420,19.76,19.8,19.6,19.7,19.76,-0.06,-0.3036,12039.0,23677.668
603856.SH,20260420,12.75,13.23,12.69,13.1,12.7,0.4,3.1496,61788.0,80414.858
603858.SH,20260420,16.71,16.75,16.48,16.64,16.69,-0.05,-0.2996,44787.77,74427.493
603859.SH,20260420,39.92,41.13,39.5,40.85,39.69,1.16,2.9227,77394.48,313063.444
603860.SH,20260420,31.53,31.92,31.33,31.72,31.47,0.25,0.7944,9560.0,30274.746
603861.SH,20260420,16.53,17.3,16.53,17.1,16.51,0.59,3.5736,237949.0,405404.755
603863.SH,20260420,17.79,18.34,17.62,17.81,18.34,-0.53,-2.8899,78543.77,140323.743
603866.SH,20260420,5.03,5.06,5.01,5.05,5.03,0.02,0.3976,58322.24,29382.251
603867.SH,20260420,34.5,34.5,33.41,33.67,33.38,0.29,0.8688,51992.53,176525.48
603868.SH,20260420,31.5,31.92,31.44,31.76,31.64,0.12,0.3793,10172.0,32245.289
603869.SH,20260420,10.82,10.91,10.7,10.76,10.84,-0.08,-0.738,15732.0,16999.918
603871.SH,20260420,13.48,13.61,13.36,13.57,13.55,0.02,0.1476,96087.16,129653.632
603876.SH,20260420,24.84,26.27,24.77,26.18,25.1,1.08,4.3028,378547.31,968582.921
603877.SH,20260420,14.75,15.11,14.66,14.98,14.72,0.26,1.7663,49791.97,74394.258
603878.SH,20260420,8.33,8.59,8.33,8.52,8.26,0.26,3.1477,226457.04,191106.46
603879.SH,20260420,5.38,5.5,5.32,5.46,5.37,0.09,1.676,78443.0,42511.422
603880.SH,20260420,6.4,6.52,6.33,6.51,6.4,0.11,1.7188,53630.99,34576.036
603881.SH,20260420,39.76,40.22,38.68,39.47,40.91,-1.44,-3.5199,774913.85,3066790.326
603882.SH,20260420,27.22,27.94,26.95,27.66,27.22,0.44,1.6165,44439.75,122678.476
603883.SH,20260420,13.66,13.72,13.55,13.66,13.73,-0.07,-0.5098,52612.41,71806.153
603885.SH,20260420,11.99,12.29,11.91,12.24,12.01,0.23,1.9151,181051.24,219851.916
603886.SH,20260420,13.27,13.61,13.22,13.4,13.12,0.28,2.1341,62489.0,83897.637
603887.SH,20260420,16.94,16.94,16.58,16.62,16.88,-0.26,-1.5403,166135.8,277733.84
603888.SH,20260420,20.48,20.9,20.43,20.8,20.44,0.36,1.7613,100288.03,208239.663
603889.SH,20260420,9.28,9.38,9.2,9.31,9.3,0.01,0.1075,131350.14,121899.9
603890.SH,20260420,19.28,20.7,19.0,20.11,18.92,1.19,6.2896,748872.48,1504602.607
603893.SH,20260420,170.95,177.7,170.37,177.37,170.93,6.44,3.7676,103457.74,1804570.602
603895.SH,20260420,29.5,29.62,28.86,29.43,29.59,-0.16,-0.5407,16985.0,49649.091
603896.SH,20260420,18.59,18.59,18.41,18.46,18.53,-0.07,-0.3778,14404.37,26596.725
603897.SH,20260420,51.7,52.68,49.8,50.71,51.67,-0.96,-1.8579,172752.06,884131.498
603898.SH,20260420,13.2,13.35,13.05,13.18,13.25,-0.07,-0.5283,22001.81,29038.759
603899.SH,20260420,25.35,25.38,25.05,25.12,25.37,-0.25,-0.9854,34084.01,85749.652
603900.SH,20260420,7.42,7.62,7.3,7.59,7.42,0.17,2.2911,103257.8,77401.545
603901.SH,20260420,12.36,12.63,12.36,12.47,12.45,0.02,0.1606,88064.32,110114.91
603903.SH,20260420,11.78,11.8,11.57,11.73,11.8,-0.07,-0.5932,35330.16,41306.457
603906.SH,20260420,25.92,27.68,25.92,27.31,25.99,1.32,5.0789,958509.81,2590790.781
603908.SH,20260420,22.7,22.99,22.58,22.86,22.67,0.19,0.8381,9843.6,22482.74
603909.SH,20260420,13.7,13.98,13.15,13.96,13.55,0.41,3.0258,148620.91,203418.977
603912.SH,20260420,10.54,11.59,10.54,11.59,10.54,1.05,9.962,428585.69,484911.294
603915.SH,20260420,15.46,15.49,15.27,15.36,15.46,-0.1,-0.6468,52719.6,81224.174
603916.SH,20260420,10.6,11.24,10.55,11.15,10.61,0.54,5.0895,129383.52,142018.079
603917.SH,20260420,12.97,13.2,12.93,13.17,12.97,0.2,1.542,31404.92,41077.199
603918.SH,20260420,13.76,13.95,13.66,13.9,13.78,0.12,0.8708,65497.0,90829.316
603919.SH,20260420,18.04,18.26,17.9,18.14,18.04,0.1,0.5543,49637.92,89899.088
603920.SH,20260420,59.1,59.82,57.9,58.17,59.1,-0.93,-1.5736,561258.22,3288358.337
603922.SH,20260420,21.62,22.45,21.18,22.43,21.51,0.92,4.2771,129338.8,282929.778
603926.SH,20260420,20.4,20.58,19.31,19.73,20.02,-0.29,-1.4486,159940.76,314264.215
603927.SH,20260420,16.9,17.04,16.82,16.93,16.91,0.02,0.1183,57743.93,97913.232
603928.SH,20260420,15.24,15.51,15.08,15.49,15.28,0.21,1.3743,70267.92,107662.707
603929.SH,20260420,185.99,188.0,183.5,184.82,186.63,-1.81,-0.9698,42055.0,779009.063
603931.SH,20260420,29.5,31.3,29.02,30.91,29.35,1.56,5.3152,66340.35,202481.856
603933.SH,20260420,24.47,24.58,24.06,24.35,24.5,-0.15,-0.6122,123818.92,300237.086
603936.SH,20260420,14.72,15.04,14.51,14.99,14.63,0.36,2.4607,465362.34,691844.065
603937.SH,20260420,13.39,13.7,12.86,13.03,13.77,-0.74,-5.374,124950.0,164972.898
603938.SH,20260420,27.55,29.18,27.35,28.65,26.81,1.84,6.8631,268883.15,763319.907
603939.SH,20260420,22.38,23.04,22.16,22.79,22.45,0.34,1.5145,73077.84,165677.709
603948.SH,20260420,27.6,27.76,27.31,27.75,27.6,0.15,0.5435,11188.0,30934.513
603949.SH,20260420,18.47,18.77,18.4,18.69,18.51,0.18,0.9724,49670.45,92700.343
603950.SH,20260420,65.19,65.4,59.1,61.18,65.21,-4.03,-6.18,153562.93,939035.328
603955.SH,20260420,26.18,27.65,26.04,27.02,26.18,0.84,3.2086,22584.0,61007.442
603956.SH,20260420,5.67,5.78,5.64,5.74,5.71,0.03,0.5254,53501.0,30649.431
603958.SH,20260420,25.04,25.87,25.0,25.13,25.43,-0.3,-1.1797,94144.0,237776.154
603959.SH,20260420,7.11,7.2,6.88,6.98,7.02,-0.04,-0.5698,304460.64,213238.569
603960.SH,20260420,24.28,24.75,23.99,24.33,24.31,0.02,0.0823,138726.33,338058.495
603966.SH,20260420,14.1,14.43,13.8,14.12,13.99,0.13,0.9292,195801.06,276097.019
603967.SH,20260420,13.0,13.18,12.99,13.13,13.05,0.08,0.613,24677.0,32371.288
603968.SH,20260420,11.61,11.82,11.6,11.76,11.62,0.14,1.2048,37532.0,44010.691
603969.SH,20260420,9.79,9.79,9.6,9.69,9.7,-0.01,-0.1031,122823.25,118891.563
603970.SH,20260420,12.58,12.6,12.25,12.57,12.57,0.0,0.0,13788.87,17279.38
603976.SH,20260420,19.9,19.96,19.6,19.9,19.82,0.08,0.4036,11778.0,23274.582
603977.SH,20260420,14.7,15.2,14.66,15.01,14.84,0.17,1.1456,201413.0,302309.274
603978.SH,20260420,25.15,25.59,24.94,25.19,25.2,-0.01,-0.0397,59402.0,149709.131
603979.SH,20260420,63.72,65.0,62.96,63.71,62.88,0.83,1.32,86119.43,551423.905
603980.SH,20260420,6.23,6.32,6.17,6.27,6.24,0.03,0.4808,139543.0,87171.619
603982.SH,20260420,7.85,7.93,7.78,7.86,7.82,0.04,0.5115,61136.0,48080.649
603983.SH,20260420,24.59,24.95,24.46,24.91,24.59,0.32,1.3013,21268.6,52758.329
603985.SH,20260420,23.99,24.6,23.7,24.08,24.6,-0.52,-2.1138,557886.2,1342505.581
603986.SH,20260420,293.0,295.96,287.12,290.54,288.96,1.58,0.5468,325642.8,9489709.816
603987.SH,20260420,8.87,8.87,8.73,8.85,8.85,0.0,0.0,44020.2,38668.981
603988.SH,20260420,25.94,26.48,25.92,26.39,26.55,-0.16,-0.6026,68582.7,179885.754
603989.SH,20260420,19.49,19.76,19.28,19.37,19.5,-0.13,-0.6667,62397.0,121394.923
603990.SH,20260420,15.07,15.7,14.88,15.29,14.99,0.3,2.0013,163022.51,250265.526
603991.SH,20260420,115.72,119.49,114.51,117.24,115.72,1.52,1.3135,29761.0,348609.201
603992.SH,20260420,34.14,35.06,33.62,33.75,34.14,-0.39,-1.1424,60521.26,207355.945
603993.SH,20260420,20.18,20.65,20.11,20.24,20.23,0.01,0.0494,2141237.93,4348306.992
603995.SH,20260420,18.46,18.54,18.23,18.33,18.49,-0.16,-0.8653,38901.66,71312.603
603997.SH,20260420,13.24,13.25,12.98,13.1,13.17,-0.07,-0.5315,65389.62,85566.283
603998.SH,20260420,10.37,10.38,10.24,10.34,10.35,-0.01,-0.0966,62879.0,64727.956
603999.SH,20260420,6.87,6.9,6.8,6.9,6.87,0.03,0.4367,80968.4,55467.113
605001.SH,20260420,7.42,7.53,7.3,7.53,7.38,0.15,2.0325,53403.2,39806.627
605003.SH,20260420,29.7,29.7,28.61,29.24,29.17,0.07,0.24,13198.25,38685.031
605005.SH,20260420,20.87,21.48,20.8,21.36,20.84,0.52,2.4952,62306.0,132136.031
605006.SH,20260420,10.19,10.66,10.18,10.44,10.32,0.12,1.1628,416753.48,436687.279
605007.SH,20260420,15.01,15.6,14.96,15.52,14.55,0.97,6.6667,171714.87,262758.861
605008.SH,20260420,12.07,12.16,11.98,12.0,12.08,-0.08,-0.6623,17448.0,21029.055
605009.SH,20260420,28.36,28.94,28.33,28.67,28.52,0.15,0.5259,10397.04,29859.273
605011.SH,20260420,19.3,19.68,19.29,19.63,19.38,0.25,1.29,34250.85,66885.486
605016.SH,20260420,26.3,26.59,25.96,26.23,26.29,-0.06,-0.2282,38232.18,100358.216
605018.SH,20260420,12.49,12.84,12.41,12.68,12.44,0.24,1.9293,82304.0,104293.686
605020.SH,20260420,25.8,26.41,25.77,26.18,25.58,0.6,2.3456,114478.56,298655.575
605028.SH,20260420,27.98,30.45,27.98,29.85,27.84,2.01,7.2198,58086.75,170885.629
605033.SH,20260420,22.58,22.77,22.56,22.68,22.68,0.0,0.0,16285.0,36909.146
605050.SH,20260420,13.36,13.4,13.06,13.18,13.39,-0.21,-1.5683,83239.44,109589.134
605055.SH,20260420,11.0,11.16,10.84,10.98,11.05,-0.07,-0.6335,76477.0,84137.565
605056.SH,20260420,29.0,29.44,27.52,29.06,28.57,0.49,1.7151,154691.04,440860.718
605058.SH,20260420,37.74,38.66,36.69,37.61,37.74,-0.13,-0.3445,74532.5,280545.861
605060.SH,20260420,60.57,62.3,58.68,61.97,60.22,1.75,2.906,131459.9,797839.234
605066.SH,20260420,8.0,8.0,7.72,7.91,8.24,-0.33,-4.0049,236796.25,185670.507
605068.SH,20260420,27.8,27.81,26.57,26.72,27.81,-1.09,-3.9195,39081.0,105577.388
605069.SH,20260420,13.27,13.74,12.8,13.68,13.05,0.63,4.8276,60618.6,81183.103
605077.SH,20260420,14.72,15.17,14.68,15.02,14.72,0.3,2.038,52096.05,78171.759
605080.SH,20260420,24.67,25.38,24.6,24.92,24.7,0.22,0.8907,30032.8,75225.007
605081.SH,20260420,7.19,7.19,7.19,7.19,7.57,-0.38,-5.0198,1457.0,1047.583
605086.SH,20260420,34.4,35.09,34.18,34.52,34.52,0.0,0.0,17246.0,59866.947
605088.SH,20260420,36.94,36.94,36.0,36.12,36.93,-0.81,-2.1933,35982.0,130748.015
605089.SH,20260420,25.49,26.08,25.19,25.93,25.36,0.57,2.2476,23104.86,59199.763
605090.SH,20260420,42.59,45.86,42.45,45.29,42.36,2.93,6.9169,365519.28,1617877.766
605098.SH,20260420,63.79,64.8,62.26,62.75,63.83,-1.08,-1.692,24789.0,155951.054
605099.SH,20260420,40.18,42.22,40.11,40.69,40.21,0.48,1.1937,40543.41,166998.055
605100.SH,20260420,48.0,49.25,47.55,48.98,48.06,0.92,1.9143,46249.0,225263.361
605108.SH,20260420,16.64,16.92,16.56,16.9,16.65,0.25,1.5015,24931.14,41942.79
605111.SH,20260420,37.75,38.95,37.74,38.72,37.71,1.01,2.6783,162459.19,626344.745
605116.SH,20260420,27.5,27.6,26.82,27.12,27.56,-0.44,-1.5965,66370.0,180468.921
605117.SH,20260420,143.98,147.99,142.43,143.07,143.99,-0.92,-0.6389,139512.05,2017298.451
605118.SH,20260420,45.0,46.9,44.11,46.5,42.66,3.84,9.0014,92173.33,420562.519
605122.SH,20260420,12.92,13.08,12.78,13.05,12.85,0.2,1.5564,15014.0,19448.656
605123.SH,20260420,102.0,105.48,101.3,103.67,101.26,2.41,2.38,49084.0,508970.397
605128.SH,20260420,35.54,35.74,35.22,35.32,35.47,-0.15,-0.4229,22024.0,78096.965
605133.SH,20260420,32.3,32.85,31.68,32.56,32.32,0.24,0.7426,123088.4,398239.568
605136.SH,20260420,10.4,10.74,10.31,10.69,10.44,0.25,2.3946,100291.37,106141.053
605138.SH,20260420,6.75,6.84,6.7,6.84,6.77,0.07,1.034,18448.0,12500.023
605151.SH,20260420,19.91,19.96,19.68,19.92,19.88,0.04,0.2012,15982.0,31715.35
605155.SH,20260420,15.58,15.76,15.38,15.74,15.45,0.29,1.877,18911.59,29515.059
605158.SH,20260420,7.41,7.48,7.34,7.44,7.38,0.06,0.813,36662.0,27267.217
605162.SH,20260420,12.74,14.01,12.57,14.01,12.74,1.27,9.9686,221342.81,302777.138
605166.SH,20260420,11.33,11.42,11.17,11.32,11.33,-0.01,-0.0883,119661.4,135177.201
605167.SH,20260420,18.4,18.43,17.9,18.32,18.4,-0.08,-0.4348,67151.0,122044.572
605168.SH,20260420,39.5,41.79,39.5,41.79,37.99,3.8,10.0026,72782.07,301154.451
605169.SH,20260420,12.23,12.38,12.12,12.32,12.16,0.16,1.3158,22882.68,28085.17
605177.SH,20260420,20.23,21.06,20.0,20.85,20.2,0.65,3.2178,23810.0,48857.782
605178.SH,20260420,78.2,79.87,78.17,78.17,86.85,-8.68,-9.9942,22151.0,173543.082
605179.SH,20260420,17.8,17.94,17.36,17.88,18.05,-0.17,-0.9418,44419.0,78548.389
605180.SH,20260420,14.78,14.91,14.59,14.9,14.78,0.12,0.8119,12846.73,19005.476
605183.SH,20260420,19.21,19.35,19.13,19.24,19.33,-0.09,-0.4656,15338.0,29448.474
605186.SH,20260420,19.86,20.29,19.7,20.08,19.83,0.25,1.2607,20117.99,40362.734
605188.SH,20260420,17.35,17.38,17.06,17.15,17.48,-0.33,-1.8879,49903.0,85658.77
605189.SH,20260420,17.88,18.24,17.75,17.95,17.88,0.07,0.3915,100747.19,181100.285
605196.SH,20260420,51.42,51.65,49.49,50.01,51.4,-1.39,-2.7043,80035.0,400323.052
605198.SH,20260420,48.5,49.95,44.22,45.8,47.9,-2.1,-4.3841,62090.0,292141.332
605199.SH,20260420,6.87,6.87,6.77,6.86,6.85,0.01,0.146,15288.0,10431.776
605208.SH,20260420,15.37,16.5,15.15,16.38,15.11,1.27,8.405,269330.23,426824.569
605218.SH,20260420,18.68,18.68,18.45,18.5,18.66,-0.16,-0.8574,21041.0,39062.559
605222.SH,20260420,29.05,31.24,28.8,31.24,28.4,2.84,10.0,201948.73,619958.005
605228.SH,20260420,14.89,15.43,14.69,15.27,14.91,0.36,2.4145,180791.41,273502.305
605255.SH,20260420,122.0,122.3,115.0,116.5,119.88,-3.38,-2.8195,29739.0,348296.466
605258.SH,20260420,37.5,37.96,37.11,37.51,37.58,-0.07,-0.1863,35125.0,131482.444
605259.SH,20260420,21.07,21.38,20.77,21.22,21.12,0.1,0.4735,21137.0,44612.545
605266.SH,20260420,18.7,18.87,18.49,18.8,18.78,0.02,0.1065,10524.96,19660.977
605268.SH,20260420,12.41,12.73,12.41,12.64,12.56,0.08,0.6369,73357.01,92522.334
605277.SH,20260420,24.3,24.57,24.18,24.45,24.38,0.07,0.2871,66674.23,162854.989
605286.SH,20260420,47.76,48.0,46.3,46.6,47.27,-0.67,-1.4174,39729.0,186900.699
605287.SH,20260420,46.07,48.5,44.8,47.15,45.17,1.98,4.3834,77160.67,361820.131
605288.SH,20260420,85.6,91.0,82.77,86.64,85.6,1.04,1.215,20601.27,179658.189
605289.SH,20260420,129.99,132.5,127.5,128.18,129.91,-1.73,-1.3317,50574.16,654839.931
605296.SH,20260420,30.41,30.6,29.52,30.16,30.06,0.1,0.3327,30374.92,90990.675
605298.SH,20260420,54.88,56.5,52.97,54.2,54.75,-0.55,-1.0046,53563.41,289552.928
605299.SH,20260420,19.03,20.53,18.85,20.53,18.66,1.87,10.0214,394345.72,793698.955
605300.SH,20260420,10.95,10.95,10.84,10.88,10.92,-0.04,-0.3663,10860.97,11817.62
605303.SH,20260420,24.35,24.76,22.06,22.76,24.44,-1.68,-6.874,120379.0,275441.702
605305.SH,20260420,44.0,46.14,43.07,45.55,44.22,1.33,3.0077,99074.54,445296.173
605318.SH,20260420,96.0,99.97,95.02,97.49,95.02,2.47,2.5995,30488.0,298788.074
605319.SH,20260420,27.54,27.8,26.9,27.2,27.9,-0.7,-2.509,137850.88,374433.602
605333.SH,20260420,26.3,26.68,26.21,26.36,26.31,0.05,0.19,21598.22,57114.745
605336.SH,20260420,15.4,16.33,15.08,15.33,15.12,0.21,1.3889,78240.6,121826.843
605337.SH,20260420,11.03,11.06,10.91,11.04,11.01,0.03,0.2725,23089.71,25373.258
605338.SH,20260420,25.27,25.48,25.03,25.24,25.26,-0.02,-0.0792,16298.0,41245.498
605339.SH,20260420,16.0,16.4,16.0,16.16,16.09,0.07,0.4351,8685.0,14059.666
605358.SH,20260420,36.58,39.14,36.35,39.01,36.6,2.41,6.5847,300869.45,1150695.883
605365.SH,20260420,25.48,26.27,25.02,25.14,25.53,-0.39,-1.5276,109788.93,280424.95
605366.SH,20260420,13.6,13.99,13.2,13.46,13.45,0.01,0.0743,420024.77,570170.163
605368.SH,20260420,8.24,8.24,8.19,8.22,8.23,-0.01,-0.1215,27404.0,22483.357
605369.SH,20260420,17.67,17.94,17.51,17.94,17.71,0.23,1.2987,8063.28,14299.931
605376.SH,20260420,114.36,114.36,106.27,108.05,114.36,-6.31,-5.5177,137246.03,1489411.947
605377.SH,20260420,9.6,9.6,9.37,9.41,9.58,-0.17,-1.7745,59019.8,55702.334
605378.SH,20260420,20.5,20.55,20.33,20.4,20.62,-0.22,-1.0669,17352.36,35468.639
605388.SH,20260420,7.98,8.7,7.98,8.31,8.87,-0.56,-6.3134,820619.99,681388.167
605389.SH,20260420,73.4,77.14,72.5,76.58,73.48,3.1,4.2188,13118.4,98288.872
605398.SH,20260420,27.31,27.65,27.25,27.49,27.45,0.04,0.1457,16378.8,45034.5
605399.SH,20260420,15.02,15.21,14.84,15.16,14.84,0.32,2.1563,46060.32,69285.89
605488.SH,20260420,34.48,34.48,33.41,33.55,34.2,-0.65,-1.9006,73538.4,247966.717
605499.SH,20260420,199.9,205.74,198.3,203.71,199.8,3.91,1.957,41495.85,842110.172
605500.SH,20260420,9.04,9.26,8.96,9.19,9.05,0.14,1.547,42355.51,38730.042
605507.SH,20260420,23.95,24.24,23.84,24.2,24.03,0.17,0.7074,31980.0,76864.502
605555.SH,20260420,16.36,16.36,16.13,16.18,16.37,-0.19,-1.1607,34005.62,55133.488
605566.SH,20260420,31.77,32.49,31.25,31.85,31.74,0.11,0.3466,25723.21,81739.87
605567.SH,20260420,10.82,10.98,10.8,10.96,10.91,0.05,0.4583,29232.0,31914.774
605577.SH,20260420,12.66,12.71,12.5,12.7,12.61,0.09,0.7137,27673.14,34925.782
605580.SH,20260420,22.69,23.32,22.47,22.97,22.65,0.32,1.4128,47265.0,108110.1
605588.SH,20260420,56.0,56.97,56.0,56.33,56.72,-0.39,-0.6876,13171.0,74288.957
605589.SH,20260420,38.27,38.55,36.51,36.78,38.62,-1.84,-4.7644,443663.32,1648517.75
605598.SH,20260420,54.07,55.1,52.58,53.09,54.09,-1.0,-1.8488,94431.24,505643.925
605599.SH,20260420,22.93,23.6,22.58,23.32,22.76,0.56,2.4605,48695.04,113733.92
688001.SH,20260420,44.48,45.3,43.25,43.85,44.5,-0.65,-1.4607,98144.13,430872.684
688002.SH,20260420,130.38,133.2,128.83,131.31,129.7,1.61,1.2413,119475.72,1563359.862
688003.SH,20260420,73.87,73.87,70.69,71.94,73.87,-1.93,-2.6127,40281.0,288434.385
688004.SH,20260420,22.04,22.57,21.93,22.35,22.15,0.2,0.9029,16442.39,36715.28
688005.SH,20260420,32.9,33.29,32.23,32.66,32.95,-0.29,-0.8801,268237.28,874440.955
688006.SH,20260420,31.62,32.0,30.83,31.26,31.87,-0.61,-1.914,189304.86,590254.332
688007.SH,20260420,14.94,15.02,14.66,14.71,14.95,-0.24,-1.6054,61455.7,90681.21
688008.SH,20260420,153.2,156.97,152.25,154.66,150.78,3.88,2.5733,432313.91,6681984.367
688009.SH,20260420,5.39,5.39,5.34,5.35,5.38,-0.03,-0.5576,300914.34,161343.271
688010.SH,20260420,34.47,36.77,34.02,35.81,34.81,1.0,2.8727,83905.89,296995.963
688011.SH,20260420,68.8,73.2,67.17,70.81,68.35,2.46,3.5991,26735.35,189119.869
688012.SH,20260420,309.58,317.5,303.88,313.54,314.0,-0.46,-0.1465,113499.32,3544381.331
688013.SH,20260420,37.91,38.42,37.6,37.85,38.04,-0.19,-0.4995,15329.07,58073.243
688015.SH,20260420,22.98,23.05,22.58,22.88,22.91,-0.03,-0.1309,14044.21,32002.088
688016.SH,20260420,98.49,99.49,98.09,99.23,98.69,0.54,0.5472,13118.86,129755.901
688017.SH,20260420,214.33,216.33,209.36,210.77,213.0,-2.23,-1.0469,60970.01,1294017.385
688018.SH,20260420,155.22,172.0,154.1,171.0,152.7,18.3,11.9843,97879.79,1603221.795
688019.SH,20260420,245.03,248.6,240.5,246.29,245.0,1.29,0.5265,41038.41,1004274.066
688020.SH,20260420,95.2,99.88,91.51,93.54,95.19,-1.65,-1.7334,38839.95,374096.286
688021.SH,20260420,24.22,24.6,24.06,24.4,24.31,0.09,0.3702,16232.08,39562.006
688022.SH,20260420,16.8,16.97,16.6,16.72,16.92,-0.2,-1.182,42728.72,71661.35
688023.SH,20260420,50.7,51.55,50.6,50.87,50.87,0.0,0.0,20316.35,103846.994
688025.SH,20260420,283.0,287.99,274.45,279.56,284.25,-4.69,-1.65,42703.13,1197502.458
688026.SH,20260420,15.97,16.36,15.87,16.22,16.06,0.16,0.9963,16600.44,26806.172
688027.SH,20260420,598.88,602.66,587.0,594.08,601.46,-7.38,-1.227,26891.15,1594737.288
688028.SH,20260420,106.56,110.53,102.68,108.18,105.4,2.78,2.6376,84154.25,901169.875
688029.SH,20260420,73.47,73.96,72.43,73.25,73.54,-0.29,-0.3943,12136.34,88801.29
688030.SH,20260420,15.56,15.7,15.46,15.5,15.56,-0.06,-0.3856,15189.03,23645.44
688031.SH,20260420,139.0,143.4,139.0,140.87,139.65,1.22,0.8736,53784.97,760404.585
688032.SH,20260420,115.0,115.0,112.8,113.3,113.99,-0.69,-0.6053,12483.73,141956.783
688033.SH,20260420,8.34,8.39,8.18,8.31,8.35,-0.04,-0.479,110130.3,91229.208
688035.SH,20260420,62.73,69.95,62.22,65.49,64.2,1.29,2.0093,114117.58,764655.516
688036.SH,20260420,52.78,53.5,51.7,52.87,52.53,0.34,0.6472,71720.23,378529.503
688037.SH,20260420,178.2,188.28,176.78,181.82,182.0,-0.18,-0.0989,57637.0,1052750.608
688038.SH,20260420,23.0,24.0,23.0,23.72,23.72,0.0,0.0,28729.6,68217.381
688039.SH,20260420,43.3,44.62,43.3,44.11,43.58,0.53,1.2162,18114.87,79941.469
688041.SH,20260420,262.0,271.55,260.59,261.78,260.0,1.78,0.6846,278573.71,7378600.881
688045.SH,20260420,51.61,51.61,50.11,51.57,51.83,-0.26,-0.5016,19991.41,102089.988
688046.SH,20260420,18.84,19.55,18.77,19.01,18.86,0.15,0.7953,77669.91,148477.981
688047.SH,20260420,144.99,147.67,143.64,143.96,144.77,-0.81,-0.5595,62161.67,900212.712
688048.SH,20260420,306.99,327.98,306.0,309.18,328.01,-18.83,-5.7407,176423.15,5488795.8
688049.SH,20260420,47.0,47.85,46.91,47.4,47.12,0.28,0.5942,46993.84,222859.3
688050.SH,20260420,50.11,51.55,49.99,51.33,50.25,1.08,2.1493,21475.25,109472.03
688051.SH,20260420,32.05,32.64,31.73,32.49,31.95,0.54,1.6901,6684.38,21627.796
688052.SH,20260420,170.59,173.8,166.9,169.57,169.7,-0.13,-0.0766,34680.14,588490.164
688053.SH,20260420,38.5,42.29,38.44,41.2,39.02,2.18,5.5869,23962.26,96343.706
688055.SH,20260420,4.27,4.44,4.25,4.37,4.28,0.09,2.1028,175936.4,77086.505
688056.SH,20260420,35.81,36.56,35.46,36.4,35.81,0.59,1.6476,7049.77,25441.092
688057.SH,20260420,12.39,12.45,12.31,12.4,12.39,0.01,0.0807,14640.34,18125.556
688058.SH,20260420,28.98,29.41,28.79,29.17,28.98,0.19,0.6556,9031.39,26346.43
688059.SH,20260420,127.58,128.0,120.16,122.29,128.61,-6.32,-4.9141,40994.35,501445.36
688060.SH,20260420,46.82,47.6,46.65,47.17,46.82,0.35,0.7475,3828.53,18071.0
688061.SH,20260420,33.7,34.85,33.23,34.01,33.7,0.31,0.9199,13514.68,46281.666
688062.SH,20260420,38.7,39.19,37.86,37.88,38.77,-0.89,-2.2956,74947.29,286472.002
688063.SH,20260420,77.2,77.8,75.62,76.06,77.52,-1.46,-1.8834,102365.14,781311.895
688065.SH,20260420,47.55,48.25,47.47,47.82,48.01,-0.19,-0.3958,35442.64,169635.179
688066.SH,20260420,19.3,19.99,18.7,19.28,19.45,-0.17,-0.874,226908.74,435321.091
688067.SH,20260420,26.86,27.2,26.59,27.14,26.93,0.21,0.7798,8745.7,23552.609
688068.SH,20260420,122.13,123.87,120.0,120.24,122.88,-2.64,-2.1484,17900.25,216663.649
688069.SH,20260420,35.0,36.5,34.84,36.39,35.1,1.29,3.6752,23738.23,85247.549
688070.SH,20260420,49.2,50.34,49.1,49.95,49.59,0.36,0.726,16468.98,81916.393
688071.SH,20260420,32.78,32.95,31.96,32.5,32.82,-0.32,-0.975,15501.65,50286.186
688072.SH,20260420,388.0,404.69,380.51,398.44,390.34,8.1,2.0751,48293.76,1906935.176
688073.SH,20260420,60.02,63.26,59.97,61.1,60.29,0.81,1.3435,14491.85,89362.025
688075.SH,20260420,38.33,39.03,38.33,38.87,38.51,0.36,0.9348,3926.14,15209.34
688076.SH,20260420,30.02,30.89,30.02,30.51,30.6,-0.09,-0.2941,25986.84,78808.183
688077.SH,20260420,30.35,30.36,29.5,30.13,30.09,0.04,0.1329,30699.9,91997.088
688078.SH,20260420,24.35,24.76,24.05,24.66,24.27,0.39,1.6069,6794.23,16642.43
688079.SH,20260420,16.25,17.1,16.18,16.25,16.25,0.0,0.0,162677.61,268090.548
688080.SH,20260420,57.68,58.49,56.97,57.77,57.68,0.09,0.156,15699.0,90589.19
688081.SH,20260420,51.0,54.41,50.4,52.25,51.32,0.93,1.8122,37309.01,195208.245
688082.SH,20260420,157.25,159.4,154.53,156.76,157.4,-0.64,-0.4066,38052.34,597242.565
688083.SH,20260420,54.0,54.58,53.61,54.05,54.0,0.05,0.0926,28011.21,151556.579
688084.SH,20260420,68.34,72.5,68.25,68.92,68.76,0.16,0.2327,34864.35,243998.744
688085.SH,20260420,17.3,17.64,17.2,17.5,17.45,0.05,0.2865,33020.28,57479.228
688087.SH,20260420,37.99,38.14,36.86,37.26,38.17,-0.91,-2.3841,20621.05,76906.567
688088.SH,20260420,41.7,42.31,41.55,42.08,41.57,0.51,1.2268,68694.77,287816.6
688089.SH,20260420,18.96,19.25,18.8,19.23,18.92,0.31,1.6385,20669.02,39407.388
688090.SH,20260420,68.54,72.86,66.5,72.86,68.86,4.0,5.8089,71060.1,498551.508
688091.SH,20260420,56.77,56.91,53.3,53.95,56.95,-3.0,-5.2678,76806.19,417344.795
688092.SH,20260420,29.24,29.55,29.05,29.43,29.38,0.05,0.1702,8187.33,24001.945
688093.SH,20260420,31.9,32.58,30.88,32.18,33.95,-1.77,-5.2135,76649.3,243248.469
688095.SH,20260420,75.5,77.64,75.46,76.99,76.3,0.69,0.9043,21397.9,164429.162
688096.SH,20260420,8.11,8.24,7.96,8.09,8.17,-0.08,-0.9792,52047.08,41939.198
688097.SH,20260420,65.67,66.79,63.67,65.86,65.6,0.26,0.3963,117321.32,769289.837
688098.SH,20260420,9.04,9.04,8.83,8.9,8.99,-0.09,-1.0011,31299.75,27813.174
688099.SH,20260420,82.91,86.25,81.94,86.0,83.3,2.7,3.2413,151612.7,1279288.505
688100.SH,20260420,38.58,38.69,37.69,38.16,38.69,-0.53,-1.3699,34995.68,133569.918
688101.SH,20260420,16.9,16.9,16.52,16.6,16.81,-0.21,-1.2493,27090.92,45043.172
688102.SH,20260420,38.68,41.78,38.55,40.99,38.43,2.56,6.6615,364436.93,1459779.311
688103.SH,20260420,59.33,60.65,58.85,59.24,59.32,-0.08,-0.1349,13250.24,78845.523
688105.SH,20260420,18.71,18.94,18.66,18.83,18.86,-0.03,-0.1591,9808.76,18469.928
688106.SH,20260420,27.51,29.8,26.89,29.1,27.33,1.77,6.4764,528544.57,1495375.687
688107.SH,20260420,30.81,32.18,30.5,31.09,30.67,0.42,1.3694,84483.54,265905.666
688108.SH,20260420,21.28,21.87,21.25,21.48,21.44,0.04,0.1866,77916.81,167445.394
688109.SH,20260420,121.5,122.98,119.66,119.8,121.79,-1.99,-1.634,9377.7,113477.44
688110.SH,20260420,120.59,122.5,118.89,119.07,121.24,-2.17,-1.7898,125691.7,1509399.896
688111.SH,20260420,248.0,251.3,246.11,249.65,247.55,2.1,0.8483,69466.46,1731942.526
688112.SH,20260420,53.86,54.96,51.61,52.27,54.16,-1.89,-3.4897,46403.85,242269.191
688113.SH,20260420,38.75,38.83,38.33,38.74,38.56,0.18,0.4668,8331.55,32184.465
688114.SH,20260420,48.7,49.68,47.0,48.56,49.56,-1.0,-2.0178,53900.91,260199.435
688115.SH,20260420,44.75,45.8,44.35,44.8,44.9,-0.1,-0.2227,12832.59,57683.035
688116.SH,20260420,40.98,41.36,40.72,40.87,41.01,-0.14,-0.3414,67814.91,278049.743
688117.SH,20260420,36.51,36.88,36.14,36.26,36.86,-0.6,-1.6278,23927.32,87207.349
688118.SH,20260420,29.4,29.88,29.0,29.44,29.22,0.22,0.7529,23682.35,69849.326
688119.SH,20260420,5.22,5.42,5.17,5.37,5.22,0.15,2.8736,227877.59,121280.787
688120.SH,20260420,187.7,191.0,183.03,189.09,189.12,-0.03,-0.0159,44039.98,828674.568
688121.SH,20260420,10.82,10.82,10.51,10.7,10.82,-0.12,-1.1091,38400.91,40987.372
688122.SH,20260420,73.53,75.48,73.04,75.35,73.53,1.82,2.4752,167959.01,1254550.207
688123.SH,20260420,120.77,122.66,119.11,119.83,121.22,-1.39,-1.1467,89479.72,1080579.706
688125.SH,20260420,256.84,261.0,243.39,247.6,256.2,-8.6,-3.3568,8262.8,206992.987
688126.SH,20260420,18.5,21.27,18.5,20.8,18.13,2.67,14.727,1149934.68,2317697.286
688127.SH,20260420,70.09,71.38,68.08,70.67,69.68,0.99,1.4208,76039.06,533957.447
688128.SH,20260420,25.97,26.25,25.8,26.07,25.97,0.1,0.3851,17053.22,44448.817
688129.SH,20260420,24.3,26.99,23.79,26.09,24.3,1.79,7.3663,34747.86,88697.208
688130.SH,20260420,21.5,21.5,21.21,21.39,21.35,0.04,0.1874,14064.56,30012.911
688131.SH,20260420,75.5,77.91,75.49,76.42,75.5,0.92,1.2185,32469.68,249536.191
688132.SH,20260420,17.06,17.49,17.06,17.42,17.13,0.29,1.6929,13695.21,23652.845
688133.SH,20260420,22.39,23.73,22.33,22.92,21.76,1.16,5.3309,77107.21,176629.378
688135.SH,20260420,36.98,36.98,35.6,35.68,37.33,-1.65,-4.42,214564.87,774200.936
688136.SH,20260420,31.46,31.89,30.96,31.13,31.66,-0.53,-1.674,39013.09,121824.376
688137.SH,20260420,50.07,50.79,49.0,50.3,50.07,0.23,0.4594,10680.89,53233.386
688138.SH,20260420,28.41,28.75,28.33,28.5,28.56,-0.06,-0.2101,23239.28,66257.26
688139.SH,20260420,33.22,33.29,32.65,32.82,33.54,-0.72,-2.1467,36268.26,119183.338
688141.SH,20260420,68.4,68.4,65.11,66.32,66.7,-0.38,-0.5697,112607.77,748594.879
688143.SH,20260420,69.91,71.0,68.66,69.2,69.56,-0.36,-0.5175,104755.63,729121.059
688146.SH,20260420,67.8,69.45,65.09,67.57,64.31,3.26,5.0692,199436.49,1337492.688
688147.SH,20260420,68.68,68.88,64.88,67.31,69.18,-1.87,-2.7031,94289.04,634384.79
688148.SH,20260420,9.25,9.43,9.03,9.18,9.34,-0.16,-1.7131,450883.09,413126.612
688150.SH,20260420,49.24,51.47,48.0,50.26,49.68,0.58,1.1675,110623.46,552152.669
688151.SH,20260420,20.67,21.43,20.67,21.32,20.82,0.5,2.4015,28981.97,61384.394
688152.SH,20260420,35.02,35.58,34.77,35.24,34.71,0.53,1.5269,9640.4,33958.169
688153.SH,20260420,34.8,35.64,34.74,35.11,34.81,0.3,0.8618,48379.34,170025.158
688155.SH,20260420,88.39,92.97,88.07,90.1,89.04,1.06,1.1905,58159.93,527710.809
688156.SH,20260420,25.6,25.93,25.0,25.51,25.6,-0.09,-0.3516,41395.02,105184.904
688157.SH,20260420,39.72,40.17,38.61,39.5,39.73,-0.23,-0.5789,29343.69,115597.613
688158.SH,20260420,48.1,50.43,47.77,48.43,47.75,0.68,1.4241,471944.4,2300357.858
688159.SH,20260420,45.71,46.12,45.26,45.54,45.78,-0.24,-0.5242,40136.65,183196.974
688160.SH,20260420,110.99,111.0,107.55,107.89,110.1,-2.21,-2.0073,18982.64,205612.44
688161.SH,20260420,30.45,30.62,29.91,30.11,30.43,-0.32,-1.0516,22700.94,68658.571
688162.SH,20260420,36.56,36.7,35.73,36.02,36.26,-0.24,-0.6619,23619.79,85392.504
688163.SH,20260420,35.3,38.38,34.3,38.25,35.3,2.95,8.3569,41680.9,152224.707
688165.SH,20260420,17.3,17.42,17.2,17.35,17.29,0.06,0.347,45299.69,78523.592
688166.SH,20260420,57.1,58.23,56.18,56.96,57.35,-0.39,-0.68,126131.31,721583.931
688167.SH,20260420,393.72,395.95,369.98,378.88,388.93,-10.05,-2.584,62593.31,2371129.669
688168.SH,20260420,81.93,89.3,81.5,89.29,81.93,7.36,8.9833,24381.17,206821.857
688169.SH,20260420,111.27,122.34,111.0,120.21,111.27,8.94,8.0345,115790.15,1356595.154
688170.SH,20260420,61.11,62.07,59.82,60.24,60.95,-0.71,-1.1649,93712.94,568692.971
688171.SH,20260420,54.77,54.89,53.21,54.7,54.28,0.42,0.7738,24117.06,130821.258
688172.SH,20260420,39.28,40.78,39.05,40.35,39.05,1.3,3.3291,154154.56,616900.851
688173.SH,20260420,14.63,14.93,14.55,14.73,14.63,0.1,0.6835,54736.38,80920.11
688175.SH,20260420,36.14,37.15,36.14,36.41,36.5,-0.09,-0.2466,20854.05,76226.936
688176.SH,20260420,13.73,13.89,13.47,13.53,13.88,-0.35,-2.5216,141087.6,191742.25
688177.SH,20260420,22.93,23.27,22.56,22.64,23.03,-0.39,-1.6934,31392.0,71566.204
688178.SH,20260420,34.7,35.79,34.02,34.3,35.16,-0.86,-2.446,23476.58,81580.764
688179.SH,20260420,18.27,18.57,17.85,18.05,18.4,-0.35,-1.9022,111003.94,200499.815
688180.SH,20260420,45.04,46.55,43.08,43.18,45.04,-1.86,-4.1297,353045.95,1566665.947
688181.SH,20260420,33.6,33.7,32.67,33.31,33.28,0.03,0.0901,50358.56,167402.908
688182.SH,20260420,32.18,33.34,31.97,32.71,32.09,0.62,1.9321,78993.81,258524.615
688183.SH,20260420,110.38,111.01,106.8,108.49,110.38,-1.89,-1.7123,199524.18,2169897.56
688184.SH,20260420,10.26,10.5,10.26,10.5,10.27,0.23,2.2395,7948.04,8226.533
688185.SH,20260420,71.68,71.7,69.81,69.85,71.66,-1.81,-2.5258,21788.63,153104.803
688186.SH,20260420,24.4,25.0,24.27,24.55,24.5,0.05,0.2041,104922.26,257600.163
688187.SH,20260420,51.4,52.58,51.2,52.29,51.28,1.01,1.9696,51916.84,270323.857
688188.SH,20260420,145.38,145.86,143.4,143.47,144.84,-1.37,-0.9459,19352.87,279414.307
688189.SH,20260420,7.56,7.6,7.47,7.57,7.53,0.04,0.5312,41725.44,31466.272
688190.SH,20260420,89.06,89.6,87.34,88.03,89.45,-1.42,-1.5875,10772.3,95036.507
688191.SH,20260420,41.89,44.55,41.35,43.11,41.23,1.88,4.5598,67972.79,291382.365
688192.SH,20260420,59.2,60.19,57.69,58.02,59.06,-1.04,-1.7609,34724.5,202953.545
688193.SH,20260420,51.1,55.0,50.55,54.97,51.38,3.59,6.9872,9641.56,51682.708
688195.SH,20260420,355.49,384.48,350.05,353.62,358.0,-4.38,-1.2235,102952.81,3771386.644
688196.SH,20260420,60.0,62.39,59.12,61.32,59.96,1.36,2.2682,21571.17,131790.817
688197.SH,20260420,42.54,46.25,41.53,41.95,41.3,0.65,1.5738,33966.99,146140.704
688198.SH,20260420,93.51,103.33,92.9,100.17,93.74,6.43,6.8594,13123.98,128283.973
688199.SH,20260420,27.38,27.38,26.82,27.04,27.18,-0.14,-0.5151,28581.45,77402.288
688200.SH,20260420,302.93,302.93,289.61,294.21,305.98,-11.77,-3.8467,31058.42,915643.89
688201.SH,20260420,13.1,13.1,12.45,12.63,13.98,-1.35,-9.6567,195884.36,248394.243
688202.SH,20260420,69.43,72.66,68.93,70.07,69.45,0.62,0.8927,41601.98,293480.696
688203.SH,20260420,12.39,12.47,12.09,12.45,12.39,0.06,0.4843,24719.89,30427.664
688205.SH,20260420,252.36,264.87,246.0,247.01,255.9,-8.89,-3.474,138924.11,3538099.276
688206.SH,20260420,33.45,34.64,33.3,33.6,33.46,0.14,0.4184,50378.33,171304.023
688207.SH,20260420,14.71,14.75,14.53,14.6,14.62,-0.02,-0.1368,36652.6,53624.435
688208.SH,20260420,36.07,36.2,34.58,34.79,36.37,-1.58,-4.3442,174408.07,611671.147
688209.SH,20260420,21.65,22.15,21.59,21.99,21.59,0.4,1.8527,69017.1,150767.959
688210.SH,20260420,47.48,48.33,46.77,47.09,47.46,-0.37,-0.7796,27886.37,132309.917
688211.SH,20260420,33.0,33.2,32.89,33.19,33.08,0.11,0.3325,4111.06,13586.664
688212.SH,20260420,35.34,37.7,34.9,37.1,35.37,1.73,4.8912,28843.15,105452.487
688213.SH,20260420,96.13,96.2,92.7,92.92,95.32,-2.4,-2.5178,90390.83,846629.73
688215.SH,20260420,77.99,79.81,77.02,78.6,78.01,0.59,0.7563,7729.06,60920.156
688216.SH,20260420,29.17,29.7,29.03,29.03,29.33,-0.3,-1.0228,16692.28,48864.425
688217.SH,20260420,27.81,28.87,27.45,28.85,27.77,1.08,3.8891,10139.84,28718.748
688218.SH,20260420,24.66,28.96,24.55,28.13,24.33,3.8,15.6186,163548.57,445409.474
688219.SH,20260420,11.1,11.15,11.03,11.12,11.12,0.0,0.0,57475.99,63811.537
688220.SH,20260420,82.58,95.38,82.58,94.22,82.8,11.42,13.7923,238688.67,2185747.57
688221.SH,20260420,19.42,19.84,18.98,19.07,19.65,-0.58,-2.9517,107440.43,206543.107
688222.SH,20260420,27.11,27.2,26.54,26.86,26.91,-0.05,-0.1858,132823.93,356689.731
688223.SH,20260420,6.98,7.07,6.85,6.95,6.95,0.0,0.0,1436422.52,1002696.811
688225.SH,20260420,17.05,17.43,16.9,17.16,16.97,0.19,1.1196,30665.59,52850.522
688226.SH,20260420,57.37,58.58,55.44,56.58,57.36,-0.78,-1.3598,148533.82,845476.81
688227.SH,20260420,121.63,121.63,110.0,116.66,101.36,15.3,15.0947,237039.65,2762722.663
688228.SH,20260420,109.68,111.33,109.11,109.77,109.91,-0.14,-0.1274,17749.29,195338.186
688229.SH,20260420,88.7,91.1,87.7,88.35,89.58,-1.23,-1.3731,19591.9,174631.544
688230.SH,20260420,65.68,66.21,65.14,65.97,65.48,0.49,0.7483,8435.8,55450.399
688231.SH,20260420,35.47,35.47,34.09,34.26,35.18,-0.92,-2.6151,44734.55,154198.675
688232.SH,20260420,22.52,22.6,22.3,22.43,22.44,-0.01,-0.0446,21513.92,48289.502
688233.SH,20260420,76.49,77.43,74.71,76.5,75.48,1.02,1.3514,59960.85,456964.819
688234.SH,20260420,97.0,99.73,95.03,97.82,95.2,2.62,2.7521,129775.61,1267254.73
688235.SH,20260420,247.6,250.18,244.48,245.2,246.5,-1.3,-0.5274,28328.05,697157.636
688236.SH,20260420,20.72,20.72,20.32,20.52,20.55,-0.03,-0.146,14251.14,29231.404
688237.SH,20260420,57.28,57.54,54.5,54.87,57.27,-2.4,-4.1907,20806.95,115528.528
688238.SH,20260420,6.99,7.22,6.96,7.15,7.0,0.15,2.1429,94652.29,67742.293
688239.SH,20260420,62.39,63.97,61.52,62.84,62.73,0.11,0.1754,64286.04,406417.462
688244.SH,20260420,19.34,19.67,19.26,19.55,19.37,0.18,0.9293,11631.99,22715.606
688246.SH,20260420,19.05,19.41,18.93,19.29,19.06,0.23,1.2067,23371.46,44916.784
688247.SH,20260420,9.43,9.43,9.32,9.37,9.39,-0.02,-0.213,12218.38,11451.455
688248.SH,20260420,59.54,60.27,58.1,58.68,59.31,-0.63,-1.0622,57950.12,340897.87
688249.SH,20260420,30.18,30.68,29.75,30.27,29.83,0.44,1.475,268480.08,812315.846
688251.SH,20260420,35.65,36.15,35.17,35.17,35.6,-0.43,-1.2079,28898.06,103012.969
688252.SH,20260420,21.53,21.69,21.33,21.39,21.53,-0.14,-0.6503,38995.71,83823.758
688253.SH,20260420,43.24,44.87,42.42,44.81,43.38,1.43,3.2964,32861.7,145187.925
688255.SH,20260420,30.15,30.16,29.48,29.78,30.15,-0.37,-1.2272,28711.88,85484.842
688256.SH,20260420,1341.0,1378.2,1326.16,1378.2,1334.0,44.2,3.3133,75195.83,10224177.313
688257.SH,20260420,81.52,81.99,76.4,77.02,81.55,-4.53,-5.5549,132331.16,1030929.274
688258.SH,20260420,114.17,119.8,112.01,116.09,113.52,2.57,2.2639,46529.23,543361.058
688259.SH,20260420,37.97,38.15,37.47,37.62,37.87,-0.25,-0.6602,18990.75,71728.575
688260.SH,20260420,29.69,30.85,29.21,29.55,29.48,0.07,0.2374,39536.23,118039.527
688261.SH,20260420,75.0,75.94,73.5,74.6,74.96,-0.36,-0.4803,30619.1,228699.362
688262.SH,20260420,35.89,37.17,35.72,36.45,36.08,0.37,1.0255,97358.72,356369.828
688265.SH,20260420,43.33,43.49,42.54,43.1,43.18,-0.08,-0.1853,5277.73,22738.829
688266.SH,20260420,98.8,103.66,98.03,100.0,98.8,1.2,1.2146,30149.4,305543.828
688267.SH,20260420,31.2,32.2,31.16,31.56,31.17,0.39,1.2512,37174.67,117612.377
688268.SH,20260420,94.0,103.88,92.01,99.2,90.86,8.34,9.179,138187.76,1333458.987
688269.SH,20260420,39.21,39.8,38.75,39.21,39.08,0.13,0.3327,14950.03,58738.48
688271.SH,20260420,112.98,116.78,112.98,114.85,112.98,1.87,1.6552,55437.26,637036.985
688272.SH,20260420,44.4,46.69,41.43,46.2,44.4,1.8,4.0541,57642.4,254807.559
688273.SH,20260420,48.5,49.46,47.65,47.67,48.9,-1.23,-2.5153,22303.18,107751.212
688275.SH,20260420,137.0,141.0,133.88,135.99,136.76,-0.77,-0.563,41291.14,562831.435
688276.SH,20260420,17.63,17.79,17.44,17.67,17.62,0.05,0.2838,17297.87,30521.186
688277.SH,20260420,21.51,21.75,21.32,21.35,21.51,-0.16,-0.7438,61939.09,133214.88
688278.SH,20260420,65.0,65.0,63.77,63.79,64.6,-0.81,-1.2539,21307.78,136489.931
688279.SH,20260420,178.42,180.98,174.0,177.58,178.42,-0.84,-0.4708,14966.77,266214.954
688280.SH,20260420,11.3,11.5,11.14,11.23,11.3,-0.07,-0.6195,227808.88,257273.465
688281.SH,20260420,76.62,78.39,75.9,77.69,76.59,1.1,1.4362,27368.62,212233.984
688282.SH,20260420,89.97,92.99,88.2,89.97,90.01,-0.04,-0.0444,20319.39,183892.615
688283.SH,20260420,43.85,44.02,42.25,43.56,43.52,0.04,0.0919,25652.34,110510.489
688285.SH,20260420,8.68,8.96,8.63,8.85,8.68,0.17,1.9585,39730.08,35066.42
688286.SH,20260420,71.38,71.71,70.71,70.9,71.2,-0.3,-0.4213,13748.2,97943.327
688288.SH,20260420,25.87,26.08,25.38,25.6,26.08,-0.48,-1.8405,28585.77,73049.39
688289.SH,20260420,17.9,18.03,17.82,17.94,17.9,0.04,0.2235,27807.66,49858.903
688290.SH,20260420,54.4,55.9,54.0,55.08,54.5,0.58,1.0642,14479.34,79744.471
688291.SH,20260420,43.0,44.28,42.23,43.4,43.29,0.11,0.2541,25728.07,110921.369
688292.SH,20260420,24.33,24.58,24.22,24.33,24.42,-0.09,-0.3686,26719.96,65165.226
688293.SH,20260420,55.8,58.2,55.0,55.31,55.81,-0.5,-0.8959,15952.08,89656.669
688295.SH,20260420,52.49,62.3,52.32,60.88,52.1,8.78,16.8522,404005.13,2344718.952
688296.SH,20260420,13.84,14.14,13.7,14.0,13.83,0.17,1.2292,13779.67,19168.263
688297.SH,20260420,49.15,49.98,48.81,49.89,50.04,-0.15,-0.2998,114264.59,565703.421
688298.SH,20260420,22.62,22.78,22.49,22.63,22.63,0.0,0.0,8471.53,19177.208
688299.SH,20260420,17.75,18.03,17.57,17.64,17.81,-0.17,-0.9545,60929.29,108302.245
688300.SH,20260420,94.88,97.49,92.0,94.8,95.05,-0.25,-0.263,61135.03,578697.475
688301.SH,20260420,112.99,117.98,111.51,116.89,113.2,3.69,3.2597,28438.31,329231.701
688302.SH,20260420,46.58,46.58,45.15,45.33,46.43,-1.1,-2.3692,13377.99,60933.702
688303.SH,20260420,22.35,23.86,22.1,23.28,22.24,1.04,4.6763,243172.49,563992.181
688305.SH,20260420,59.11,59.89,58.63,59.54,59.36,0.18,0.3032,18359.0,108836.239
688306.SH,20260420,9.53,9.66,9.45,9.5,9.47,0.03,0.3168,115138.24,109815.703
688307.SH,20260420,81.83,89.17,80.03,89.04,81.93,7.11,8.6781,99894.19,855024.54
688308.SH,20260420,110.0,111.88,96.0,98.07,114.0,-15.93,-13.9737,294702.06,2933287.968
688309.SH,20260420,72.0,77.98,71.86,77.04,71.86,5.18,7.2085,30394.8,229670.487
688310.SH,20260420,15.9,16.44,15.78,16.27,15.8,0.47,2.9747,19475.21,31540.208
688311.SH,20260420,39.04,40.5,39.04,40.11,39.27,0.84,2.139,51171.02,204787.152
688312.SH,20260420,63.33,65.0,61.7,63.15,63.84,-0.69,-1.0808,81542.87,512993.623
688313.SH,20260420,127.02,139.96,122.75,125.35,125.79,-0.44,-0.3498,554207.63,7110957.2
688314.SH,20260420,46.55,48.25,46.01,47.6,46.55,1.05,2.2556,23327.12,109673.695
688315.SH,20260420,14.34,14.53,14.28,14.47,14.48,-0.01,-0.0691,25209.49,36321.419
688316.SH,20260420,78.0,79.0,76.0,76.46,76.72,-0.26,-0.3389,36995.65,284935.718
688317.SH,20260420,20.25,20.41,20.06,20.35,20.24,0.11,0.5435,16657.61,33717.84
688318.SH,20260420,114.44,116.9,114.44,115.5,114.43,1.07,0.9351,31064.59,359079.64
688319.SH,20260420,29.12,30.36,28.32,29.85,29.12,0.73,2.5069,85512.01,252462.147
688320.SH,20260420,31.5,31.77,31.0,31.26,31.44,-0.18,-0.5725,17743.26,55791.551
688321.SH,20260420,30.85,31.23,30.42,30.58,30.9,-0.32,-1.0356,86473.37,265118.795
688322.SH,20260420,85.98,86.22,83.33,84.16,84.74,-0.58,-0.6844,74471.1,628269.418
688323.SH,20260420,21.75,22.36,21.25,22.19,21.7,0.49,2.2581,59148.87,129922.111
688325.SH,20260420,122.72,127.5,119.43,124.5,121.72,2.78,2.2839,18845.04,234411.456
688326.SH,20260420,124.07,124.28,121.46,121.78,124.18,-2.4,-1.9327,17905.98,219778.762
688327.SH,20260420,13.28,13.44,13.2,13.26,13.26,0.0,0.0,182060.16,242476.909
688328.SH,20260420,42.28,42.81,40.95,41.11,42.33,-1.22,-2.8821,66008.42,274942.186
688329.SH,20260420,24.11,24.69,24.01,24.65,24.14,0.51,2.1127,14845.03,36125.976
688330.SH,20260420,50.0,50.56,49.7,50.05,50.07,-0.02,-0.0399,26320.13,131707.948
688331.SH,20260420,150.86,156.61,145.82,146.7,150.11,-3.41,-2.2717,82276.32,1227986.783
688332.SH,20260420,128.25,130.0,128.25,128.85,128.76,0.09,0.0699,19537.86,251729.349
688333.SH,20260420,89.99,92.48,83.7,89.38,96.32,-6.94,-7.2051,260555.06,2296388.473
688334.SH,20260420,21.98,22.13,21.81,22.07,21.92,0.15,0.6843,28521.34,62709.561
688335.SH,20260420,34.15,34.3,31.13,31.86,34.15,-2.29,-6.7057,50981.32,163365.038
688336.SH,20260420,85.75,87.29,83.76,84.88,85.76,-0.88,-1.0261,82886.9,704874.679
688337.SH,20260420,63.39,66.06,60.0,62.4,62.9,-0.5,-0.7949,109837.72,681498.727
688338.SH,20260420,30.64,31.0,30.21,30.48,30.35,0.13,0.4283,10647.45,32461.658
688339.SH,20260420,25.66,25.78,25.13,25.3,25.48,-0.18,-0.7064,30693.27,77570.777
688343.SH,20260420,93.91,97.08,93.0,93.43,92.3,1.13,1.2243,143408.4,1358329.761
688345.SH,20260420,53.96,55.35,52.88,54.2,53.95,0.25,0.4634,32939.97,178512.687
688347.SH,20260420,126.44,130.8,125.0,130.75,124.61,6.14,4.9274,194210.72,2503205.14
688348.SH,20260420,52.91,54.44,52.8,53.98,53.22,0.76,1.428,22516.15,121102.833
688349.SH,20260420,24.22,24.6,23.93,24.55,24.26,0.29,1.1954,65361.27,159269.4
688350.SH,20260420,29.08,29.45,28.57,28.74,29.08,-0.34,-1.1692,22741.13,65631.059
688351.SH,20260420,24.25,24.8,24.16,24.51,24.36,0.15,0.6158,61511.47,150441.076
688352.SH,20260420,12.4,12.56,12.09,12.42,13.13,-0.71,-5.4075,267182.7,329393.443
688353.SH,20260420,123.9,125.8,122.27,124.99,124.83,0.16,0.1282,51106.31,633595.082
688355.SH,20260420,23.32,24.18,22.95,24.12,23.35,0.77,3.2976,34949.43,82506.238
688356.SH,20260420,109.7,111.43,106.89,109.37,107.77,1.6,1.4846,9885.81,108360.367
688357.SH,20260420,35.89,36.45,35.36,36.26,35.85,0.41,1.1437,12417.81,44684.542
688358.SH,20260420,29.45,29.89,28.87,29.67,29.59,0.08,0.2704,13585.21,39671.808
688359.SH,20260420,100.0,100.46,89.61,96.84,100.5,-3.66,-3.6418,76436.68,728018.22
688360.SH,20260420,19.04,19.18,18.81,18.83,19.12,-0.29,-1.5167,28704.07,54222.336
688361.SH,20260420,174.21,174.99,163.03,170.25,177.2,-6.95,-3.9221,98658.92,1672152.974
688362.SH,20260420,48.0,48.8,45.93,47.48,48.2,-0.72,-1.4938,178327.24,842262.147
688363.SH,20260420,43.33,43.58,42.89,43.09,43.2,-0.11,-0.2546,21399.06,92430.365
688365.SH,20260420,19.71,20.6,19.38,20.25,19.65,0.6,3.0534,175602.09,353335.578
688366.SH,20260420,39.07,39.27,38.82,39.27,39.1,0.17,0.4348,2895.82,11320.91
688367.SH,20260420,39.4,40.9,38.49,38.83,39.3,-0.47,-1.1959,40017.27,158595.848
688368.SH,20260420,153.0,153.0,137.6,139.6,153.41,-13.81,-9.002,47906.15,677436.031
688369.SH,20260420,24.97,26.0,24.86,25.5,25.17,0.33,1.3111,29586.12,75677.888
688370.SH,20260420,25.2,25.35,25.0,25.15,25.2,-0.05,-0.1984,4137.22,10414.213
688371.SH,20260420,21.27,21.69,21.01,21.13,21.25,-0.12,-0.5647,20231.82,42986.88
688372.SH,20260420,154.02,159.82,154.02,155.5,152.42,3.08,2.0207,63888.41,1002840.779
688373.SH,20260420,6.26,6.33,6.12,6.14,6.21,-0.07,-1.1272,114200.47,70683.357
688375.SH,20260420,135.15,147.87,132.8,140.2,135.05,5.15,3.8134,100928.2,1392116.074
688376.SH,20260420,74.0,74.34,70.9,71.59,74.37,-2.78,-3.7381,30077.51,216997.999
688377.SH,20260420,40.6,40.68,38.91,40.29,40.3,-0.01,-0.0248,21194.06,83985.342
688378.SH,20260420,37.89,39.49,37.65,38.45,37.84,0.61,1.6121,65132.03,251810.511
688379.SH,20260420,55.49,56.47,54.28,54.83,55.53,-0.7,-1.2606,43294.22,239306.337
688380.SH,20260420,46.7,47.27,46.18,46.9,46.87,0.03,0.064,77857.25,363948.054
688381.SH,20260420,25.14,25.28,24.72,25.12,25.19,-0.07,-0.2779,54804.11,136827.134
688382.SH,20260420,22.01,22.93,21.82,22.04,22.07,-0.03,-0.1359,167587.51,374953.452
688383.SH,20260420,97.97,98.5,95.0,97.8,96.51,1.29,1.3366,18236.25,176541.682
688385.SH,20260420,71.93,76.37,71.0,75.07,71.91,3.16,4.3944,157180.43,1161037.271
688386.SH,20260420,80.4,80.4,78.19,78.59,79.5,-0.91,-1.1447,14507.58,114656.234
688387.SH,20260420,17.4,18.95,17.25,17.97,17.49,0.48,2.7444,1149767.13,2080958.519
688388.SH,20260420,50.17,50.65,49.15,49.77,50.06,-0.29,-0.5793,241644.84,1202966.035
688389.SH,20260420,12.58,12.75,12.43,12.66,12.65,0.01,0.0791,28593.45,36016.054
688390.SH,20260420,86.66,91.49,85.69,89.27,87.34,1.93,2.2098,108682.75,969201.735
688391.SH,20260420,30.8,30.95,30.34,30.42,30.85,-0.43,-1.3938,11013.45,33688.548
688392.SH,20260420,131.25,138.36,130.0,135.0,131.84,3.16,2.3968,29747.52,399427.085
688393.SH,20260420,23.51,23.9,23.31,23.73,23.6,0.13,0.5508,9835.99,23240.374
688395.SH,20260420,26.66,26.92,26.3,26.9,26.76,0.14,0.5232,9038.18,24104.877
688396.SH,20260420,49.52,52.26,49.28,51.65,49.25,2.4,4.8731,328502.68,1686519.482
688398.SH,20260420,27.89,28.7,27.75,28.66,28.0,0.66,2.3571,26222.97,74061.152
688399.SH,20260420,56.5,60.28,56.05,60.05,57.0,3.05,5.3509,26213.22,154072.662
688400.SH,20260420,49.4,49.44,47.76,47.92,48.94,-1.02,-2.0842,125301.33,607692.789
688401.SH,20260420,57.62,57.62,56.06,56.45,57.09,-0.64,-1.121,40738.95,230567.265
688403.SH,20260420,17.63,17.82,16.8,16.92,17.59,-0.67,-3.809,619526.79,1061809.855
688408.SH,20260420,40.51,42.44,40.29,41.23,41.0,0.23,0.561,65152.87,269342.065
688409.SH,20260420,99.22,104.38,96.54,101.3,99.13,2.17,2.189,57942.01,582302.984
688410.SH,20260420,15.82,15.96,15.61,15.89,15.75,0.14,0.8889,27297.46,43193.55
688411.SH,20260420,228.92,230.88,224.1,226.43,230.35,-3.92,-1.7018,42435.78,964807.703
688416.SH,20260420,90.0,98.3,88.11,97.3,90.09,7.21,8.0031,79116.18,752186.922
688418.SH,20260420,48.39,49.88,47.72,49.45,47.67,1.78,3.734,125379.47,614333.204
688419.SH,20260420,49.01,49.21,47.32,48.21,49.3,-1.09,-2.211,19226.92,92743.076
688420.SH,20260420,24.66,24.94,23.89,24.89,24.71,0.18,0.7285,14629.73,35602.324
688425.SH,20260420,4.84,4.86,4.82,4.85,4.85,0.0,0.0,163642.27,79298.976
688426.SH,20260420,20.01,20.3,19.88,20.03,20.14,-0.11,-0.5462,13312.56,26733.767
688428.SH,20260420,30.67,31.35,30.1,30.15,30.8,-0.65,-2.1104,102220.64,312301.091
688429.SH,20260420,15.02,15.18,14.76,14.95,15.06,-0.11,-0.7304,30611.04,45876.986
688432.SH,20260420,15.15,15.85,15.0,15.64,15.15,0.49,3.2343,180763.28,281137.553
688433.SH,20260420,81.25,85.58,79.85,83.69,81.25,2.44,3.0031,55469.16,463193.918
688435.SH,20260420,42.41,42.94,41.8,41.9,42.41,-0.51,-1.2025,24054.32,101647.679
688439.SH,20260420,51.18,51.88,51.1,51.7,51.14,0.56,1.095,22028.95,113565.04
688443.SH,20260420,31.03,31.87,30.1,30.36,31.13,-0.77,-2.4735,55462.89,170233.054
688448.SH,20260420,62.8,66.5,61.51,64.8,62.91,1.89,3.0043,16455.17,106840.971
688449.SH,20260420,48.05,48.62,47.76,48.12,48.62,-0.5,-1.0284,73117.6,352315.293
688450.SH,20260420,40.5,44.5,40.5,44.03,41.26,2.77,6.7135,29453.99,127870.204
688455.SH,20260420,29.6,30.88,29.19,29.85,29.55,0.3,1.0152,37299.57,111324.93
688456.SH,20260420,58.0,59.58,57.3,59.58,58.03,1.55,2.671,29538.39,173374.472
688458.SH,20260420,36.41,37.0,36.15,36.66,36.45,0.21,0.5761,15195.0,55600.449
688459.SH,20260420,9.35,9.55,9.32,9.53,9.36,0.17,1.8162,14801.25,14043.923
688466.SH,20260420,17.33,17.53,17.17,17.35,17.33,0.02,0.1154,14757.62,25584.82
688468.SH,20260420,7.25,7.33,7.19,7.3,7.22,0.08,1.108,25485.42,18515.841
688469.SH,20260420,6.74,7.1,6.74,6.93,6.7,0.23,3.4328,1201267.72,836848.381
688472.SH,20260420,13.21,13.53,13.15,13.36,13.21,0.15,1.1355,410487.96,548789.912
688475.SH,20260420,29.84,30.33,29.68,29.9,29.57,0.33,1.116,66641.05,199871.314
688478.SH,20260420,39.67,42.5,38.88,40.68,38.67,2.01,5.1978,115823.82,470542.716
688479.SH,20260420,35.27,36.61,34.63,36.55,35.13,1.42,4.0421,23467.22,83536.081
688480.SH,20260420,85.33,101.55,83.61,99.66,85.24,14.42,16.9169,79784.14,753743.361
688484.SH,20260420,37.08,37.33,36.74,36.78,37.26,-0.48,-1.2882,57071.72,211074.395
688485.SH,20260420,44.36,46.34,41.0,43.14,43.5,-0.36,-0.8276,141680.88,605947.557
688486.SH,20260420,70.5,72.37,70.22,71.74,70.5,1.24,1.7589,31383.36,224315.567
688488.SH,20260420,19.05,19.48,18.55,18.75,19.36,-0.61,-3.1508,131034.46,247843.615
688489.SH,20260420,40.1,40.1,39.71,39.9,39.84,0.06,0.1506,4390.65,17512.135
688496.SH,20260420,5.67,5.71,5.58,5.65,5.67,-0.02,-0.3527,57078.04,32160.617
688498.SH,20260420,1431.0,1431.0,1356.0,1387.66,1445.0,-57.34,-3.9682,36097.1,4993286.699
688499.SH,20260420,54.0,55.62,53.46,54.39,53.89,0.5,0.9278,66560.0,364177.566
688500.SH,20260420,52.5,52.55,51.17,51.58,52.27,-0.69,-1.3201,18054.81,93582.987
688501.SH,20260420,26.2,26.84,25.85,26.52,26.19,0.33,1.26,18630.44,49181.907
688502.SH,20260420,423.8,468.49,423.45,465.5,411.11,54.39,13.23,44012.45,1966415.475
688503.SH,20260420,97.75,98.89,94.41,96.37,97.7,-1.33,-1.3613,93310.31,902030.273
688505.SH,20260420,7.8,7.89,7.77,7.83,7.88,-0.05,-0.6345,33262.57,25988.015
688506.SH,20260420,298.0,305.0,295.28,300.01,298.39,1.62,0.5429,15465.52,463587.379
688507.SH,20260420,90.3,96.95,90.3,96.33,91.32,5.01,5.4862,31151.98,293302.374
688508.SH,20260420,61.05,69.9,58.58,68.19,66.37,1.82,2.7422,202609.23,1306721.694
688509.SH,20260420,4.52,4.59,4.5,4.59,4.52,0.07,1.5487,58224.7,26544.613
688510.SH,20260420,33.98,33.99,31.64,33.6,33.35,0.25,0.7496,113969.1,376541.417
688512.SH,20260420,12.9,12.94,12.64,12.66,12.88,-0.22,-1.7081,87006.42,111117.572
688513.SH,20260420,65.98,68.45,65.06,66.13,66.86,-0.73,-1.0918,28879.49,191754.157
688515.SH,20260420,132.58,134.0,129.5,130.08,132.42,-2.34,-1.7671,19386.78,254226.616
688516.SH,20260420,80.39,82.22,77.85,80.98,80.5,0.48,0.5963,122299.25,984305.42
688517.SH,20260420,21.13,22.1,21.08,21.87,21.28,0.59,2.7726,48968.9,106092.782
688518.SH,20260420,28.51,32.09,27.7,30.6,28.61,1.99,6.9556,317985.5,958831.959
688519.SH,20260420,150.24,151.8,146.28,148.95,148.5,0.45,0.303,67385.78,1005238.474
688520.SH,20260420,44.2,44.21,42.6,42.74,44.25,-1.51,-3.4124,42579.86,183291.762
688521.SH,20260420,240.52,252.8,239.0,251.39,241.08,10.31,4.2766,244344.35,5991311.556
688522.SH,20260420,37.1,37.36,36.01,36.11,36.91,-0.8,-2.1674,57341.97,208645.624
688523.SH,20260420,69.25,76.98,69.06,74.72,69.9,4.82,6.8956,147843.58,1076242.749
688525.SH,20260420,271.1,275.85,266.66,268.7,270.67,-1.97,-0.7278,320547.4,8688746.027
688526.SH,20260420,15.1,15.13,15.01,15.09,15.1,-0.01,-0.0662,15099.76,22736.216
688528.SH,20260420,10.78,11.04,10.73,11.0,10.81,0.19,1.7576,15474.79,16896.842
688529.SH,20260420,18.48,18.52,18.24,18.3,18.42,-0.12,-0.6515,13114.11,24129.148
688530.SH,20260420,34.58,36.37,33.33,33.5,35.75,-2.25,-6.2937,175492.69,600380.5
688533.SH,20260420,26.59,27.23,26.59,27.02,26.59,0.43,1.6171,11723.24,31676.909
688535.SH,20260420,124.0,129.5,123.78,125.95,125.65,0.3,0.2388,27452.52,347487.332
688536.SH,20260420,201.01,202.68,196.11,196.95,201.66,-4.71,-2.3356,45113.18,892064.943
688538.SH,20260420,2.28,2.31,2.27,2.29,2.28,0.01,0.4386,559566.62,128241.843
688539.SH,20260420,39.08,43.66,38.55,42.97,38.96,4.01,10.2926,103601.3,435339.45
688543.SH,20260420,71.36,73.0,71.13,72.7,71.38,1.32,1.8493,66494.49,481141.645
688545.SH,20260420,51.9,53.56,51.09,52.71,51.8,0.91,1.7568,53266.76,280619.961
688548.SH,20260420,25.36,26.53,24.42,26.28,25.32,0.96,3.7915,355293.02,900545.47
688549.SH,20260420,9.28,9.52,9.28,9.4,9.34,0.06,0.6424,170936.47,161109.808
688550.SH,20260420,42.63,42.77,41.59,41.94,42.7,-0.76,-1.7799,40375.07,169725.308
688551.SH,20260420,47.3,47.5,46.15,46.48,47.03,-0.55,-1.1695,22541.54,105471.377
688552.SH,20260420,49.97,53.79,49.97,50.24,48.7,1.54,3.1622,130656.27,668988.671
688553.SH,20260420,19.6,19.93,19.31,19.4,19.94,-0.54,-2.7081,109942.87,214967.311
688556.SH,20260420,14.2,14.74,13.99,14.5,14.35,0.15,1.0453,393434.56,568763.696
688557.SH,20260420,32.53,32.65,31.77,32.47,32.53,-0.06,-0.1844,14746.74,47568.816
688558.SH,20260420,30.83,32.35,30.83,31.56,30.81,0.75,2.4343,31622.55,100412.205
688559.SH,20260420,59.11,59.99,57.62,58.88,59.56,-0.68,-1.1417,78488.79,461774.332
688560.SH,20260420,17.03,17.85,16.96,17.0,17.78,-0.78,-4.387,271697.15,470612.45
688561.SH,20260420,30.25,30.76,30.13,30.62,30.24,0.38,1.2566,53587.92,163890.244
688562.SH,20260420,19.91,20.54,19.91,20.39,20.02,0.37,1.8482,51137.76,103835.844
688563.SH,20260420,60.36,61.71,59.83,61.17,60.27,0.9,1.4933,42179.38,257202.681
688565.SH,20260420,12.95,12.95,12.5,12.79,12.74,0.05,0.3925,24568.1,31179.788
688566.SH,20260420,31.4,31.4,30.85,31.02,31.3,-0.28,-0.8946,22928.83,71147.6
688567.SH,20260420,13.86,13.9,13.63,13.72,13.93,-0.21,-1.5075,114541.84,157456.503
688568.SH,20260420,62.06,65.98,61.8,65.26,62.05,3.21,5.1732,222600.74,1431810.106
688569.SH,20260420,20.58,21.11,20.47,20.97,20.56,0.41,1.9942,16750.29,34932.34
688570.SH,20260420,17.83,18.05,17.77,17.92,17.82,0.1,0.5612,4260.74,7646.149
688571.SH,20260420,7.85,8.03,7.76,7.99,7.86,0.13,1.6539,45827.12,36345.816
688573.SH,20260420,22.26,22.32,21.89,22.0,22.4,-0.4,-1.7857,43424.39,95727.19
688575.SH,20260420,14.4,14.54,14.35,14.5,14.41,0.09,0.6246,41157.28,59488.553
688576.SH,20260420,70.7,72.49,69.79,71.6,69.95,1.65,2.3588,3739.61,26647.33
688577.SH,20260420,69.9,70.41,68.05,69.17,68.8,0.37,0.5378,12146.47,84225.598
688578.SH,20260420,98.0,98.79,96.17,96.39,97.58,-1.19,-1.2195,49883.75,485649.631
688579.SH,20260420,11.26,11.27,10.94,11.03,11.21,-0.18,-1.6057,77716.34,85760.895
688580.SH,20260420,59.43,63.8,59.0,61.62,59.39,2.23,3.7548,35745.76,221191.892
688581.SH,20260420,55.83,56.64,55.5,56.29,55.88,0.41,0.7337,2986.56,16793.72
688582.SH,20260420,64.23,64.38,62.88,63.03,63.98,-0.95,-1.4848,59695.2,379196.43
688583.SH,20260420,118.2,127.88,115.33,121.7,119.29,2.41,2.0203,26837.42,323324.115
688584.SH,20260420,20.43,20.85,20.22,20.73,20.36,0.37,1.8173,46605.93,96271.452
688585.SH,20260420,136.0,136.15,126.41,128.7,137.26,-8.56,-6.2363,61948.09,798163.952
688586.SH,20260420,14.23,14.58,14.18,14.44,14.23,0.21,1.4758,77305.39,111575.25
688588.SH,20260420,12.15,12.27,12.05,12.2,12.11,0.09,0.7432,27672.29,33752.73
688589.SH,20260420,22.55,22.77,22.48,22.63,22.65,-0.02,-0.0883,20394.51,46172.758
688590.SH,20260420,14.8,15.1,14.57,14.82,14.71,0.11,0.7478,77966.57,115702.034
688591.SH,20260420,34.74,35.52,34.74,35.1,34.96,0.14,0.4005,45946.28,161658.165
688592.SH,20260420,44.67,47.0,44.67,47.0,45.32,1.68,3.707,15654.69,72214.275
688593.SH,20260420,30.89,32.38,30.62,32.08,31.07,1.01,3.2507,81657.95,259501.833
688595.SH,20260420,34.66,34.7,33.69,33.89,34.22,-0.33,-0.9643,32959.32,112063.945
688596.SH,20260420,30.82,32.77,30.6,31.68,32.6,-0.92,-2.8221,137156.01,435398.01
688597.SH,20260420,8.94,9.12,8.94,9.09,8.99,0.1,1.1123,39542.93,35802.006
688598.SH,20260420,23.7,24.18,23.62,24.06,23.85,0.21,0.8805,31506.74,75452.258
688599.SH,20260420,16.6,16.84,16.4,16.6,16.67,-0.07,-0.4199,385110.27,640565.906
688600.SH,20260420,28.33,28.33,27.06,27.4,27.75,-0.35,-1.2613,26390.26,72342.107
688601.SH,20260420,51.61,52.48,50.48,51.74,51.38,0.36,0.7007,54327.95,278757.374
688602.SH,20260420,8.3,8.3,8.05,8.15,8.3,-0.15,-1.8072,114094.14,92845.628
688603.SH,20260420,97.0,98.8,93.3,94.36,97.35,-2.99,-3.0714,58450.77,560983.737
688605.SH,20260420,64.61,65.95,64.22,65.46,64.87,0.59,0.9095,30968.23,202449.301
688606.SH,20260420,58.9,58.9,56.73,57.25,61.2,-3.95,-6.4542,14237.39,82055.045
688607.SH,20260420,65.1,69.29,64.75,69.0,65.66,3.34,5.0868,33645.2,227980.81
688608.SH,20260420,167.15,174.0,166.27,172.17,167.1,5.07,3.0341,60155.44,1025797.828
688609.SH,20260420,8.75,8.87,8.71,8.81,8.71,0.1,1.1481,98355.57,86382.511
688610.SH,20260420,115.19,116.37,110.5,113.06,118.17,-5.11,-4.3243,25804.55,292433.525
688611.SH,20260420,63.63,65.88,61.5,64.1,62.38,1.72,2.7573,24564.35,157170.191
688612.SH,20260420,31.41,31.47,30.54,30.89,31.24,-0.35,-1.1204,56597.97,174958.743
688613.SH,20260420,20.95,21.19,20.59,20.68,21.09,-0.41,-1.944,32534.05,67492.361
688615.SH,20260420,185.88,189.68,183.0,188.17,185.95,2.22,1.1939,56989.66,1063930.251
688616.SH,20260420,13.47,13.66,13.45,13.64,13.49,0.15,1.1119,19007.51,25775.646
688617.SH,20260420,255.1,259.38,254.51,256.44,256.02,0.42,0.164,5787.33,148747.693
688618.SH,20260420,42.0,43.18,40.18,41.55,41.95,-0.4,-0.9535,58233.59,241632.024
688619.SH,20260420,15.74,16.0,15.42,15.91,15.74,0.17,1.0801,33375.32,52481.17
688620.SH,20260420,12.0,12.04,11.85,11.88,11.85,0.03,0.2532,54845.27,65486.611
688621.SH,20260420,63.84,65.03,62.85,63.02,64.35,-1.33,-2.0668,21991.06,139777.651
688622.SH,20260420,93.99,93.99,90.8,90.96,94.0,-3.04,-3.234,16072.39,147025.459
688623.SH,20260420,89.99,99.66,89.0,97.72,89.7,8.02,8.9409,15364.14,145555.587
688625.SH,20260420,70.14,70.98,68.4,68.84,70.27,-1.43,-2.035,29494.66,204331.453
688626.SH,20260420,59.59,61.99,59.2,60.9,59.5,1.4,2.3529,22208.64,135436.132
688627.SH,20260420,277.77,286.69,273.0,282.5,280.51,1.99,0.7094,31168.61,876105.808
688628.SH,20260420,78.43,82.7,75.66,81.15,77.8,3.35,4.3059,75498.16,592031.844
688629.SH,20260420,143.0,147.28,136.76,138.5,136.4,2.1,1.5396,274276.6,3865906.548
688630.SH,20260420,244.91,249.85,237.88,243.93,240.95,2.98,1.2368,62996.41,1531111.771
688631.SH,20260420,57.38,59.68,57.02,59.25,57.82,1.43,2.4732,31243.36,183458.912
688633.SH,20260420,27.05,27.78,27.05,27.6,27.11,0.49,1.8075,15785.63,43297.521
688636.SH,20260420,45.35,47.66,45.35,47.5,45.31,2.19,4.8334,72487.55,341586.587
688638.SH,20260420,44.5,45.37,43.25,43.66,45.01,-1.35,-2.9993,15978.49,70355.519
688639.SH,20260420,28.12,28.94,27.72,28.7,28.06,0.64,2.2808,39622.55,112559.198
688646.SH,20260420,51.17,54.89,51.0,53.77,53.75,0.02,0.0372,24393.86,128262.574
688648.SH,20260420,52.5,53.35,52.23,52.87,52.83,0.04,0.0757,12486.39,66048.339
688651.SH,20260420,38.63,39.43,38.32,39.11,38.66,0.45,1.164,9722.85,37871.007
688652.SH,20260420,107.88,109.33,105.21,108.0,107.9,0.1,0.0927,37442.22,403331.123
688653.SH,20260420,13.45,13.54,13.33,13.42,13.34,0.08,0.5997,46946.32,63102.969
688655.SH,20260420,36.01,37.39,34.7,35.79,36.42,-0.63,-1.7298,124914.67,451800.949
688656.SH,20260420,136.6,140.04,135.6,137.13,136.67,0.46,0.3366,3893.03,53413.97
688657.SH,20260420,49.6,50.86,49.24,50.83,49.57,1.26,2.5419,14813.52,74321.619
688658.SH,20260420,19.79,20.3,19.47,19.52,19.93,-0.41,-2.0572,91011.28,178963.911
688659.SH,20260420,9.92,9.99,9.8,9.96,9.92,0.04,0.4032,19307.16,19150.472
688660.SH,20260420,12.79,13.03,12.64,12.93,12.91,0.02,0.1549,161154.03,206595.627
688661.SH,20260420,88.77,91.88,84.68,86.2,88.77,-2.57,-2.8951,75128.08,665750.066
688662.SH,20260420,68.68,70.0,67.2,68.3,70.4,-2.1,-2.983,73590.98,503885.469
688663.SH,20260420,64.0,69.5,63.25,68.32,63.07,5.25,8.3241,84247.68,571743.396
688665.SH,20260420,47.99,48.59,47.53,48.03,47.89,0.14,0.2923,7629.23,36654.766
688667.SH,20260420,144.0,147.83,142.03,145.71,145.22,0.49,0.3374,23372.01,338441.235
688668.SH,20260420,212.09,214.13,204.1,211.19,212.0,-0.81,-0.3821,83538.68,1752887.14
688669.SH,20260420,26.37,27.88,26.19,27.38,26.38,1.0,3.7908,72999.5,198539.26
688670.SH,20260420,17.71,17.83,17.42,17.67,17.65,0.02,0.1133,10591.34,18706.366
688671.SH,20260420,21.48,21.85,21.21,21.62,21.48,0.14,0.6518,8783.72,18948.184
688676.SH,20260420,87.17,91.18,86.3,89.51,87.44,2.07,2.3673,148660.1,1324657.364
688677.SH,20260420,82.85,89.71,82.0,86.73,82.23,4.5,5.4725,97735.35,848671.945
688678.SH,20260420,31.5,33.15,30.81,31.34,31.2,0.14,0.4487,402899.06,1286468.21
688679.SH,20260420,55.27,55.27,52.38,53.88,54.86,-0.98,-1.7864,32079.37,172210.625
688680.SH,20260420,51.04,51.9,50.11,50.29,51.12,-0.83,-1.6236,23423.98,119412.804
688681.SH,20260420,19.08,19.19,18.79,19.11,19.0,0.11,0.5789,28006.88,53222.175
688682.SH,20260420,48.7,50.68,48.57,49.95,48.55,1.4,2.8836,25642.49,128351.847
688683.SH,20260420,39.65,40.83,39.65,40.76,40.05,0.71,1.7728,20234.3,81616.734
688685.SH,20260420,44.76,45.73,42.76,45.35,45.1,0.25,0.5543,61548.07,274855.406
688686.SH,20260420,110.97,110.97,106.35,107.92,108.89,-0.97,-0.8908,23721.06,256585.871
688687.SH,20260420,21.12,21.29,21.06,21.15,21.22,-0.07,-0.3299,26440.39,55876.062
688689.SH,20260420,37.4,37.72,36.69,37.07,37.4,-0.33,-0.8824,23185.23,86321.901
688690.SH,20260420,31.47,32.91,31.47,31.68,31.88,-0.2,-0.6274,112649.59,358977.854
688691.SH,20260420,104.6,107.7,103.54,105.25,105.48,-0.23,-0.2181,43075.64,453638.941
688692.SH,20260420,249.0,258.79,245.28,256.05,244.17,11.88,4.8655,21839.79,556571.519
688693.SH,20260420,98.81,100.85,89.7,91.19,101.86,-10.67,-10.4752,99850.95,928931.534
688695.SH,20260420,23.97,24.35,23.8,24.28,24.04,0.24,0.9983,13507.3,32631.523
688696.SH,20260420,92.2,92.2,90.75,91.21,92.21,-1.0,-1.0845,7462.23,68007.167
688697.SH,20260420,16.15,16.46,16.04,16.41,16.14,0.27,1.6729,121685.27,198251.134
688698.SH,20260420,69.25,70.4,67.91,68.7,69.13,-0.43,-0.622,45883.72,317202.825
688699.SH,20260420,46.0,46.27,45.14,45.22,45.88,-0.66,-1.4385,19445.16,88623.229
688700.SH,20260420,61.84,63.9,59.21,60.23,61.56,-1.33,-2.1605,129613.17,785216.933
688701.SH,20260420,9.21,9.3,9.04,9.22,9.2,0.02,0.2174,29460.46,27061.886
688702.SH,20260420,231.73,247.95,228.06,235.88,227.19,8.69,3.825,60780.37,1443477.259
688707.SH,20260420,15.32,15.54,14.48,14.64,15.39,-0.75,-4.8733,193727.37,286206.696
688708.SH,20260420,53.3,54.58,52.92,54.26,53.39,0.87,1.6295,13646.83,73903.215
688709.SH,20260420,44.18,44.84,44.18,44.59,44.5,0.09,0.2022,58937.85,262387.857
688710.SH,20260420,67.7,68.48,66.5,67.3,67.94,-0.64,-0.942,12093.53,81364.866
688711.SH,20260420,28.5,29.33,28.23,28.53,28.53,0.0,0.0,45130.55,129833.266
688712.SH,20260420,41.8,41.98,40.86,41.64,42.0,-0.36,-0.8571,26620.47,110570.019
688716.SH,20260420,33.31,33.8,33.04,33.68,33.31,0.37,1.1108,14958.65,50122.09
688717.SH,20260420,105.11,111.83,105.11,108.65,105.6,3.05,2.8883,63638.08,693561.239
688718.SH,20260420,15.81,15.93,15.51,15.93,15.83,0.1,0.6317,18543.06,29074.792
688719.SH,20260420,53.55,55.88,53.05,54.48,52.99,1.49,2.8119,47781.0,261181.934
688720.SH,20260420,78.7,78.86,76.29,77.1,77.61,-0.51,-0.6571,31218.17,241629.696
688721.SH,20260420,41.8,44.62,41.06,43.76,41.85,1.91,4.5639,32578.22,141491.362
688722.SH,20260420,17.8,18.31,17.61,18.04,17.85,0.19,1.0644,47961.66,86655.541
688726.SH,20260420,66.2,67.68,65.13,66.06,66.38,-0.32,-0.4821,182691.49,1216110.359
688727.SH,20260420,50.61,50.98,49.9,50.16,50.69,-0.53,-1.0456,26900.96,135445.332
688728.SH,20260420,13.4,13.63,13.38,13.51,13.45,0.06,0.4461,130913.6,177137.786
688729.SH,20260420,23.41,23.46,23.13,23.19,23.37,-0.18,-0.7702,55860.82,129948.19
688733.SH,20260420,29.47,29.86,28.92,29.12,29.6,-0.48,-1.6216,49694.11,145656.628
688737.SH,20260420,26.5,29.47,26.47,28.98,26.59,2.39,8.9883,60382.78,172069.743
688739.SH,20260420,24.38,24.54,24.28,24.37,24.38,-0.01,-0.041,14281.6,34884.649
688750.SH,20260420,18.75,19.04,18.61,19.04,18.8,0.24,1.2766,36931.22,69897.32
688755.SH,20260420,38.53,38.66,38.31,38.55,38.53,0.02,0.0519,1200.26,4618.959
688757.SH,20260420,25.63,28.33,25.63,27.05,25.91,1.14,4.3998,66681.69,182222.496
688758.SH,20260420,21.4,21.95,20.89,21.47,21.07,0.4,1.8984,56286.35,120670.817
688759.SH,20260420,38.5,38.83,38.0,38.26,38.59,-0.33,-0.8551,15734.87,60124.371
688765.SH,20260420,65.82,66.2,65.2,65.53,65.7,-0.17,-0.2588,7965.43,52259.222
688766.SH,20260420,265.53,273.5,261.62,271.4,264.5,6.9,2.6087,45407.06,1225261.56
688767.SH,20260420,34.95,35.47,34.48,34.77,35.28,-0.51,-1.4456,16760.94,58355.933
688768.SH,20260420,47.76,48.07,46.2,47.61,47.28,0.33,0.698,14013.91,66206.385
688772.SH,20260420,16.6,16.7,16.4,16.46,16.62,-0.16,-0.9627,264248.93,435710.193
688775.SH,20260420,196.09,199.5,194.1,198.0,196.09,1.91,0.974,8038.13,158589.965
688776.SH,20260420,85.45,86.4,84.7,86.15,85.45,0.7,0.8192,18793.78,161266.988
688777.SH,20260420,68.32,73.1,67.12,71.4,68.44,2.96,4.325,267772.28,1896637.072
688778.SH,20260420,82.84,83.83,80.61,81.35,82.78,-1.43,-1.7275,101262.29,829893.467
688779.SH,20260420,11.0,11.08,10.86,10.92,11.05,-0.13,-1.1765,249194.96,272794.479
688781.SH,20260420,37.81,39.85,37.62,39.6,37.91,1.69,4.4579,69910.17,272370.352
688783.SH,20260420,22.66,23.92,22.52,23.37,22.65,0.72,3.1788,89496.96,208810.266
688785.SH,20260420,302.99,305.99,293.77,296.5,304.04,-7.54,-2.4799,8826.16,263530.558
688786.SH,20260420,33.1,34.0,32.8,33.34,33.2,0.14,0.4217,29223.84,98116.367
688787.SH,20260420,133.4,142.0,133.0,138.55,134.33,4.22,3.1415,28607.97,397400.398
688788.SH,20260420,57.55,59.61,56.92,58.34,57.55,0.79,1.3727,22365.87,130892.1
688789.SH,20260420,71.78,71.84,69.28,70.02,72.08,-2.06,-2.8579,22071.13,154713.457
688790.SH,20260420,146.14,146.8,142.66,143.82,146.8,-2.98,-2.03,10206.49,146691.548
688793.SH,20260420,21.5,21.5,21.07,21.3,21.39,-0.09,-0.4208,11364.14,24167.778
688795.SH,20260420,656.59,660.1,639.0,646.2,656.62,-10.42,-1.5869,25830.16,1673378.877
688796.SH,20260420,97.97,100.59,97.01,97.9,98.66,-0.76,-0.7703,15741.39,154581.402
688798.SH,20260420,68.28,68.39,67.82,68.11,68.04,0.07,0.1029,28271.82,192497.985
688799.SH,20260420,56.26,56.36,53.01,55.5,57.48,-1.98,-3.4447,78571.41,432335.242
688800.SH,20260420,97.22,97.47,94.4,96.71,98.0,-1.29,-1.3163,87143.38,837090.847
688802.SH,20260420,721.0,732.88,695.7,707.41,721.0,-13.59,-1.8849,26792.17,1899528.489
688805.SH,20260420,53.53,54.97,53.05,54.11,53.97,0.14,0.2594,56976.43,307398.994
688807.SH,20260420,362.25,362.97,336.38,348.0,363.19,-15.19,-4.1824,41883.23,1441827.392
688809.SH,20260420,418.0,426.0,400.0,403.18,417.0,-13.82,-3.3141,26328.81,1074542.58
688811.SH,20260420,19.7,23.82,19.7,23.82,19.85,3.97,20.0,486445.99,1111598.106
688813.SH,20260420,74.0,81.84,74.0,77.6,76.36,1.24,1.6239,117642.4,908334.177
688816.SH,20260420,67.39,68.27,67.0,67.19,67.49,-0.3,-0.4445,13935.22,93943.692
688818.SH,20260420,69.0,73.45,69.0,73.03,67.73,5.3,7.8252,327100.85,2342908.542
688819.SH,20260420,35.51,36.43,35.3,35.86,35.52,0.34,0.9572,53392.12,192427.869
688981.SH,20260420,105.93,108.6,105.01,107.96,105.23,2.73,2.5943,547702.62,5872447.693
689009.SH,20260420,45.03,46.2,44.77,45.67,45.1,0.57,1.2639,95512.44,434916.89
920000.BJ,20260420,16.6,17.16,16.59,16.84,16.53,0.31,1.8754,12141.37,20546.172
920001.BJ,20260420,16.28,16.74,16.06,16.34,16.28,0.06,0.3686,31934.23,52685.758
920002.BJ,20260420,87.41,90.46,87.32,88.27,88.46,-0.19,-0.2148,10107.35,89964.224
920003.BJ,20260420,28.2,28.59,28.01,28.33,28.23,0.1,0.3542,8556.69,24254.733
920005.BJ,20260420,37.35,38.18,36.59,37.41,37.0,0.41,1.1081,6154.6,23162.144
920006.BJ,20260420,23.0,23.82,22.77,23.57,23.0,0.57,2.4783,21329.45,50158.845
920007.BJ,20260420,56.99,58.3,56.0,57.49,56.67,0.82,1.447,5568.45,31960.566
920008.BJ,20260420,26.48,27.47,26.24,27.13,26.38,0.75,2.8431,16957.75,45891.289
920009.BJ,20260420,68.01,69.59,67.16,68.28,67.8,0.48,0.708,3611.92,24756.258
920010.BJ,20260420,12.77,13.91,12.7,13.14,12.53,0.61,4.8683,244108.96,324274.548
920011.BJ,20260420,26.61,27.67,26.24,26.74,26.77,-0.03,-0.1121,61012.2,164543.108
920012.BJ,20260420,61.0,73.52,60.01,62.9,63.83,-0.93,-1.457,72111.5,477959.458
920014.BJ,20260420,13.0,13.55,12.88,13.27,12.91,0.36,2.7885,57446.66,76520.59
920015.BJ,20260420,42.28,44.26,41.63,42.6,43.07,-0.47,-1.0912,24874.23,106936.916
920016.BJ,20260420,17.4,17.68,17.11,17.33,17.46,-0.13,-0.7446,13454.74,23489.636
920017.BJ,20260420,17.66,18.0,17.55,17.8,17.8,0.0,0.0,20656.38,36787.582
920018.BJ,20260420,29.5,30.26,29.28,29.5,29.71,-0.21,-0.7068,23979.62,71568.278
920019.BJ,20260420,18.86,19.45,18.64,19.0,18.86,0.14,0.7423,35796.94,68309.086
920020.BJ,20260420,15.97,16.35,15.94,16.13,15.94,0.19,1.192,10259.84,16596.492
920021.BJ,20260420,10.74,11.62,10.6,11.2,10.82,0.38,3.512,381478.53,427064.49
920022.BJ,20260420,27.52,27.92,27.18,27.35,27.31,0.04,0.1465,6925.59,19085.461
920023.BJ,20260420,3.16,3.27,3.12,3.2,3.19,0.01,0.3135,104875.09,33678.101
920026.BJ,20260420,37.7,38.58,36.8,37.58,37.3,0.28,0.7507,18438.48,69991.673
920027.BJ,20260420,18.55,18.97,18.4,18.78,18.55,0.23,1.2399,20515.97,38490.062
920028.BJ,20260420,16.31,17.38,16.18,16.66,16.35,0.31,1.896,89866.28,151396.329
920029.BJ,20260420,87.88,89.95,87.0,87.27,87.9,-0.63,-0.7167,11997.36,106322.03
920030.BJ,20260420,5.77,5.94,5.76,5.83,5.75,0.08,1.3913,25942.13,15206.49
920033.BJ,20260420,15.74,16.04,15.61,15.76,15.64,0.12,0.7673,10233.31,16227.236
920035.BJ,20260420,34.89,39.15,34.48,37.62,34.92,2.7,7.732,24970.72,93271.1
920036.BJ,20260420,47.5,49.88,47.26,47.77,48.2,-0.43,-0.8921,27679.88,134374.123
920037.BJ,20260420,77.8,80.88,76.8,78.47,77.15,1.32,1.711,21223.47,167708.779
920039.BJ,20260420,9.86,10.2,9.75,9.99,9.87,0.12,1.2158,16769.32,16822.579
920045.BJ,20260420,506.97,538.97,485.55,537.0,520.0,17.0,3.2692,18628.07,956425.546
920046.BJ,20260420,25.92,28.36,25.86,27.81,26.32,1.49,5.6611,80906.13,221938.062
920047.BJ,20260420,29.81,31.38,29.05,29.9,30.08,-0.18,-0.5984,76748.58,230672.265
920050.BJ,20260420,32.69,33.58,32.48,32.91,32.54,0.37,1.1371,6255.54,20691.605
920055.BJ,20260420,35.0,36.28,34.75,35.22,35.14,0.08,0.2277,33605.4,119668.949
920056.BJ,20260420,23.4,24.0,23.0,23.42,23.42,0.0,0.0,12915.36,30546.073
920057.BJ,20260420,6.39,6.52,6.36,6.37,6.35,0.02,0.315,16099.49,10370.77
920058.BJ,20260420,28.8,29.49,28.5,29.0,28.85,0.15,0.5199,6853.59,19942.42
920060.BJ,20260420,34.88,35.98,34.08,34.1,34.53,-0.43,-1.2453,99367.97,347558.01
920061.BJ,20260420,23.95,24.96,23.95,24.75,24.1,0.65,2.6971,13673.93,33675.151
920062.BJ,20260420,10.67,11.06,10.66,10.98,10.8,0.18,1.6667,68606.5,75011.924
920066.BJ,20260420,22.2,23.2,22.1,22.64,22.32,0.32,1.4337,6871.77,15685.344
920068.BJ,20260420,22.08,22.78,21.68,21.82,21.68,0.14,0.6458,52136.08,116042.918
920069.BJ,20260420,37.23,38.95,37.02,37.15,37.3,-0.15,-0.4021,20056.69,75992.857
920075.BJ,20260420,21.65,22.5,21.3,22.03,21.65,0.38,1.7552,10780.21,23896.046
920076.BJ,20260420,21.2,22.0,21.17,21.5,21.29,0.21,0.9864,21513.54,46703.652
920077.BJ,20260420,18.36,19.43,18.17,19.07,18.22,0.85,4.6652,198386.93,376387.2
920078.BJ,20260420,25.44,31.65,25.38,28.06,26.18,1.88,7.1811,112989.48,323267.401
920080.BJ,20260420,23.88,24.26,23.35,23.7,23.69,0.01,0.0422,10480.16,25098.263
920082.BJ,20260420,15.55,15.92,15.41,15.64,15.54,0.1,0.6435,11146.85,17492.036
920086.BJ,20260420,29.94,32.36,29.74,30.85,29.94,0.91,3.0394,38833.89,121186.422
920087.BJ,20260420,15.14,15.56,15.04,15.39,15.12,0.27,1.7857,65746.9,100820.42
920088.BJ,20260420,51.01,53.78,51.0,52.69,51.16,1.53,2.9906,68173.37,356426.846
920089.BJ,20260420,19.33,19.67,18.98,19.22,19.38,-0.16,-0.8256,30473.48,58988.499
920090.BJ,20260420,5.9,6.09,5.8,5.89,5.88,0.01,0.1701,80099.3,47658.723
920091.BJ,20260420,61.38,65.79,60.0,64.35,61.42,2.93,4.7704,22957.57,146419.591
920092.BJ,20260420,32.66,33.46,32.0,32.45,32.8,-0.35,-1.0671,20043.89,65672.117
920098.BJ,20260420,27.07,28.54,27.07,27.95,27.23,0.72,2.6441,14814.17,41361.374
920099.BJ,20260420,31.65,32.65,31.55,32.11,31.91,0.2,0.6268,13321.09,42899.74
920100.BJ,20260420,50.62,53.8,50.5,51.92,51.09,0.83,1.6246,12615.87,65853.102
920101.BJ,20260420,35.69,36.6,35.16,36.05,36.19,-0.14,-0.3868,13832.92,49832.265
920106.BJ,20260420,66.24,69.9,65.6,67.97,66.19,1.78,2.6892,14471.53,99125.611
920108.BJ,20260420,11.3,11.59,11.22,11.41,11.34,0.07,0.6173,13568.79,15588.4
920110.BJ,20260420,35.33,36.49,35.25,35.79,35.36,0.43,1.2161,1714.33,6154.761
920111.BJ,20260420,25.17,25.75,25.02,25.26,25.17,0.09,0.3576,22688.39,57666.793
920112.BJ,20260420,33.91,34.66,33.83,33.98,34.09,-0.11,-0.3227,4540.24,15534.158
920116.BJ,20260420,102.92,109.99,98.88,107.02,100.48,6.54,6.5088,68915.01,719930.533
920118.BJ,20260420,21.34,21.85,21.19,21.36,21.34,0.02,0.0937,6250.91,13496.482
920119.BJ,20260420,95.9,97.85,94.0,96.1,97.55,-1.45,-1.4864,14992.64,144330.204
920121.BJ,20260420,37.32,37.88,37.01,37.5,37.32,0.18,0.4823,3933.45,14788.179
920122.BJ,20260420,27.15,27.86,26.84,27.47,27.35,0.12,0.4388,11184.56,30775.683
920123.BJ,20260420,13.38,13.65,13.24,13.35,13.23,0.12,0.907,13416.37,18102.19
920124.BJ,20260420,16.21,16.9,16.12,16.5,16.27,0.23,1.4136,34157.91,56661.497
920128.BJ,20260420,25.5,25.98,25.29,25.7,25.21,0.49,1.9437,7689.44,19803.497
920130.BJ,20260420,20.82,21.58,20.63,20.91,20.7,0.21,1.0145,17230.36,36460.539
920132.BJ,20260420,14.08,14.27,13.74,13.98,13.85,0.13,0.9386,11139.65,15682.136
920139.BJ,20260420,18.8,19.6,18.69,18.97,19.0,-0.03,-0.1579,70393.35,134439.126
920145.BJ,20260420,14.98,15.98,14.88,15.47,14.95,0.52,3.4783,15751.29,24675.551
920146.BJ,20260420,7.24,7.43,7.15,7.2,7.24,-0.04,-0.5525,35755.78,26081.139
920149.BJ,20260420,10.66,10.91,10.54,10.54,10.66,-0.12,-1.1257,10512.12,11316.422
920152.BJ,20260420,16.13,16.55,16.0,16.36,16.17,0.19,1.175,22993.83,37652.898
920158.BJ,20260420,17.3,17.97,17.11,17.79,17.23,0.56,3.2501,55076.91,97162.909
920159.BJ,20260420,39.55,41.01,39.33,40.44,39.95,0.49,1.2265,19087.64,77046.882
920160.BJ,20260420,23.66,24.35,23.46,23.93,23.66,0.27,1.1412,15739.43,37781.146
920163.BJ,20260420,13.01,13.5,13.01,13.16,12.88,0.28,2.1739,14106.44,18764.803
920166.BJ,20260420,29.58,30.55,29.34,30.0,29.58,0.42,1.4199,16949.52,50966.902
920167.BJ,20260420,17.6,18.24,17.5,17.87,17.62,0.25,1.4188,18331.6,32966.601
920168.BJ,20260420,22.63,23.27,22.43,22.79,22.41,0.38,1.6957,24672.39,56544.373
920169.BJ,20260420,30.52,32.39,30.52,31.8,30.8,1.0,3.2468,38709.38,122896.633
920171.BJ,20260420,21.49,23.5,21.22,22.26,21.92,0.34,1.5511,78663.83,175545.03
920174.BJ,20260420,39.44,40.48,39.03,39.84,39.39,0.45,1.1424,20717.94,82771.377
920175.BJ,20260420,10.2,10.55,10.15,10.19,10.33,-0.14,-1.3553,24261.82,25056.552
920177.BJ,20260420,37.91,39.8,37.0,38.35,40.0,-1.65,-4.125,61653.15,236160.528
920179.BJ,20260420,51.0,55.63,51.0,52.69,54.2,-1.51,-2.786,69703.69,373786.058
920180.BJ,20260420,17.13,17.44,16.92,17.1,17.05,0.05,0.2933,31746.06,54645.037
920181.BJ,20260420,72.0,79.79,71.08,72.72,73.97,-1.25,-1.6899,41075.13,305692.779
920183.BJ,20260420,41.0,42.49,40.26,40.26,40.85,-0.59,-1.4443,14980.84,61904.648
920184.BJ,20260420,16.5,17.03,16.42,16.65,16.58,0.07,0.4222,29141.03,48893.357
920185.BJ,20260420,31.68,32.28,31.08,31.37,31.66,-0.29,-0.916,134000.45,423313.108
920187.BJ,20260420,37.51,38.37,37.01,37.8,37.38,0.42,1.1236,15613.78,59121.189
920188.BJ,20260420,26.18,27.36,25.91,26.09,26.18,-0.09,-0.3438,50099.48,132652.713
920190.BJ,20260420,23.14,23.92,23.02,23.39,23.14,0.25,1.0804,22091.6,52020.898
920191.BJ,20260420,15.99,16.38,14.5,14.88,7.71,7.17,92.9961,367705.34,558475.96
920195.BJ,20260420,19.98,20.56,19.98,20.04,20.01,0.03,0.1499,12695.03,25796.575
920198.BJ,20260420,8.97,9.32,8.89,9.09,9.01,0.08,0.8879,29393.79,26908.365
920199.BJ,20260420,35.18,36.37,34.92,35.87,35.39,0.48,1.3563,16552.75,59352.101
920204.BJ,20260420,15.83,16.47,15.27,16.16,15.83,0.33,2.0846,17031.26,27628.147
920207.BJ,20260420,32.88,33.91,31.57,31.72,31.75,-0.03,-0.0945,67047.09,220207.034
920208.BJ,20260420,24.0,24.6,23.97,24.15,23.6,0.55,2.3305,21776.18,52861.147
920212.BJ,20260420,12.4,12.8,12.26,12.39,12.4,-0.01,-0.0806,13082.01,16479.537
920221.BJ,20260420,15.2,15.56,15.0,15.4,15.19,0.21,1.3825,13680.66,20986.54
920223.BJ,20260420,18.13,21.5,18.11,19.75,18.4,1.35,7.337,93648.39,187984.936
920225.BJ,20260420,31.59,34.69,31.3,32.35,32.1,0.25,0.7788,95732.73,317431.202
920227.BJ,20260420,63.37,66.66,62.69,65.25,63.37,1.88,2.9667,11628.81,75693.738
920230.BJ,20260420,12.4,12.72,12.26,12.63,12.5,0.13,1.04,54923.74,68947.705
920237.BJ,20260420,21.98,22.2,21.35,21.76,22.12,-0.36,-1.6275,29820.0,64958.414
920239.BJ,20260420,31.33,31.92,30.81,31.27,31.39,-0.12,-0.3823,25521.21,80365.656
920242.BJ,20260420,26.51,27.89,26.12,26.5,27.3,-0.8,-2.9304,24125.96,64825.048
920245.BJ,20260420,25.2,26.23,25.18,25.57,25.3,0.27,1.0672,5698.73,14722.546
920247.BJ,20260420,21.57,23.47,21.38,22.48,21.89,0.59,2.6953,48506.69,109481.4
920249.BJ,20260420,11.09,11.5,10.61,10.85,11.42,-0.57,-4.9912,314071.91,343255.288
920252.BJ,20260420,28.3,29.12,28.2,28.7,28.8,-0.1,-0.3472,41371.46,118687.907
920260.BJ,20260420,10.2,10.57,10.19,10.38,10.29,0.09,0.8746,20111.38,20918.766
920261.BJ,20260420,14.65,15.12,14.6,14.83,14.65,0.18,1.2287,25794.0,38413.308
920262.BJ,20260420,20.96,21.44,20.8,21.31,20.93,0.38,1.8156,8411.76,17875.982
920263.BJ,20260420,12.2,12.75,12.14,12.42,12.1,0.32,2.6446,18084.34,22573.719
920266.BJ,20260420,8.27,8.44,8.21,8.37,8.27,0.1,1.2092,13304.98,11138.008
920267.BJ,20260420,20.31,20.8,20.03,20.11,20.15,-0.04,-0.1985,8717.79,17855.601
920270.BJ,20260420,16.19,16.83,16.0,16.32,16.2,0.12,0.7407,15674.09,25828.175
920271.BJ,20260420,14.67,14.87,14.53,14.56,14.55,0.01,0.0687,10201.51,15019.679
920273.BJ,20260420,23.49,24.14,23.28,23.34,23.79,-0.45,-1.8916,28037.85,66439.437
920274.BJ,20260420,23.38,24.0,22.68,23.4,23.37,0.03,0.1284,25751.5,60391.125
920275.BJ,20260420,7.68,7.84,7.41,7.68,7.38,0.3,4.065,25432.13,19540.389
920278.BJ,20260420,8.11,8.29,8.03,8.16,8.11,0.05,0.6165,21676.71,17775.625
920284.BJ,20260420,32.9,34.47,32.89,33.13,33.68,-0.55,-1.633,42051.11,141034.089
920299.BJ,20260420,24.38,25.57,24.33,25.51,24.91,0.6,2.4087,49694.86,125136.193
920300.BJ,20260420,12.45,12.75,12.3,12.4,12.44,-0.04,-0.3215,19360.17,24262.85
920304.BJ,20260420,12.54,12.81,12.36,12.57,12.54,0.03,0.2392,29509.16,37272.058
920305.BJ,20260420,6.18,6.2,6.01,6.03,6.12,-0.09,-1.4706,50633.12,30733.862
920339.BJ,20260420,8.38,8.53,8.23,8.49,8.41,0.08,0.9512,17672.98,14920.785
920344.BJ,20260420,22.33,22.65,21.8,22.0,22.34,-0.34,-1.5219,11482.17,25615.438
920346.BJ,20260420,21.69,22.4,21.22,21.83,21.69,0.14,0.6455,15474.03,33855.643
920351.BJ,20260420,17.95,18.56,17.72,18.38,17.88,0.5,2.7964,17795.79,32502.484
920357.BJ,20260420,26.1,26.89,25.44,25.59,26.08,-0.49,-1.8788,34664.14,90321.281
920363.BJ,20260420,17.3,17.9,17.1,17.51,17.4,0.11,0.6322,16835.99,29691.486
920367.BJ,20260420,19.67,20.27,19.65,20.0,19.94,0.06,0.3009,19421.5,38918.664
920368.BJ,20260420,37.08,40.15,37.0,39.3,37.7,1.6,4.244,161389.93,628918.418
920370.BJ,20260420,3.56,3.64,3.53,3.55,3.56,-0.01,-0.2809,36067.58,12922.675
920371.BJ,20260420,9.85,10.12,9.85,10.0,9.87,0.13,1.3171,19706.77,19733.104
920374.BJ,20260420,21.32,22.21,21.11,21.25,21.23,0.02,0.0942,12482.08,26948.515
920375.BJ,20260420,14.15,14.79,14.15,14.61,14.41,0.2,1.3879,73270.68,106602.065
920378.BJ,20260420,9.15,9.34,9.04,9.18,9.13,0.05,0.5476,12685.29,11700.176
920392.BJ,20260420,20.4,21.27,20.28,20.93,20.4,0.53,2.598,10776.17,22617.496
920394.BJ,20260420,50.0,51.5,48.53,48.93,49.73,-0.8,-1.6087,26914.31,134325.676
920395.BJ,20260420,10.3,10.61,10.26,10.28,10.19,0.09,0.8832,16994.67,17739.119
920396.BJ,20260420,31.15,31.98,31.01,31.39,31.21,0.18,0.5767,19805.14,62559.72
920402.BJ,20260420,9.19,9.54,9.17,9.42,9.28,0.14,1.5086,56352.45,52930.496
920403.BJ,20260420,22.22,22.83,21.91,22.5,22.0,0.5,2.2727,18841.14,42271.987
920405.BJ,20260420,21.73,21.99,21.13,21.5,21.71,-0.21,-0.9673,32945.72,71234.201
920407.BJ,20260420,19.38,19.75,18.79,19.22,18.79,0.43,2.2885,20321.18,39455.375
920414.BJ,20260420,13.0,13.35,12.9,13.04,13.03,0.01,0.0767,33602.76,44222.317
920415.BJ,20260420,13.18,13.62,13.0,13.39,13.1,0.29,2.2137,28166.9,37782.254
920418.BJ,20260420,25.92,26.95,25.45,26.1,25.9,0.2,0.7722,34911.94,91789.57
920419.BJ,20260420,14.3,14.53,14.14,14.25,14.26,-0.01,-0.0701,13728.65,19724.477
920422.BJ,20260420,11.9,12.15,11.84,11.88,11.97,-0.09,-0.7519,24539.3,29468.851
920425.BJ,20260420,20.3,20.93,20.1,20.48,20.17,0.31,1.5369,16896.32,34816.938
920427.BJ,20260420,12.56,12.96,12.42,12.63,12.63,0.0,0.0,21266.57,27136.993
920429.BJ,20260420,13.3,13.69,13.11,13.42,13.36,0.06,0.4491,18308.27,24659.72
920433.BJ,20260420,5.36,5.4,5.24,5.26,5.3,-0.04,-0.7547,30214.62,16080.564
920436.BJ,20260420,14.3,15.18,14.28,14.77,14.3,0.47,3.2867,22049.47,32696.603
920438.BJ,20260420,47.97,52.0,47.73,49.4,48.16,1.24,2.5748,83836.58,421380.509
920445.BJ,20260420,10.2,10.48,10.14,10.4,10.2,0.2,1.9608,28182.07,29263.77
920454.BJ,20260420,14.69,14.95,14.5,14.86,14.68,0.18,1.2262,12539.6,18554.337
920455.BJ,20260420,8.05,8.15,7.91,7.97,7.88,0.09,1.1421,12801.28,10309.996
920469.BJ,20260420,9.48,9.6,9.26,9.39,9.26,0.13,1.4039,24925.99,23570.531
920471.BJ,20260420,12.85,13.37,12.7,13.1,12.86,0.24,1.8663,20382.68,26786.488
920475.BJ,20260420,13.94,14.42,13.69,14.01,13.76,0.25,1.8169,12755.34,18055.207
920476.BJ,20260420,21.8,22.75,21.53,22.25,21.59,0.66,3.057,25222.07,56298.972
920478.BJ,20260420,17.3,17.44,16.93,17.17,17.2,-0.03,-0.1744,28728.65,49406.535
920489.BJ,20260420,15.35,16.05,15.25,15.34,15.39,-0.05,-0.3249,50845.69,79111.115
920491.BJ,20260420,27.0,27.98,26.68,27.19,26.52,0.67,2.5264,72184.87,198304.739
920493.BJ,20260420,180.0,185.0,169.01,169.03,174.73,-5.7,-3.2622,47311.92,829468.459
920496.BJ,20260420,9.43,9.71,9.43,9.65,9.48,0.17,1.7932,33309.43,32060.089
920504.BJ,20260420,22.49,23.4,22.35,22.78,22.58,0.2,0.8857,5245.88,12013.568
920505.BJ,20260420,40.9,43.03,40.9,42.45,41.18,1.27,3.084,17907.56,75376.369
920508.BJ,20260420,20.99,21.28,20.34,20.79,20.58,0.21,1.0204,8141.61,17075.818
920509.BJ,20260420,31.9,33.57,31.7,32.74,32.29,0.45,1.3936,50525.64,164859.909
920510.BJ,20260420,15.7,16.26,15.2,15.58,15.64,-0.06,-0.3836,33811.9,53483.476
920519.BJ,20260420,12.34,12.71,12.18,12.53,12.5,0.03,0.24,27908.21,34886.274
920522.BJ,20260420,60.08,63.8,57.9,59.4,60.07,-0.67,-1.1154,89274.97,541567.062
920523.BJ,20260420,24.9,25.49,24.63,24.92,25.1,-0.18,-0.7171,22931.86,57709.482
920526.BJ,20260420,27.67,32.0,27.28,28.27,24.73,3.54,14.3146,114025.16,334304.098
920527.BJ,20260420,17.44,18.08,17.44,17.59,17.39,0.2,1.1501,9280.89,16544.203
920533.BJ,20260420,25.0,25.38,23.99,24.4,24.52,-0.12,-0.4894,32206.49,79660.398
920541.BJ,20260420,12.28,12.65,12.28,12.59,12.28,0.31,2.5244,17506.87,21930.575
920547.BJ,20260420,23.39,24.0,22.9,23.66,23.3,0.36,1.5451,9375.21,22196.98
920553.BJ,20260420,9.07,9.48,9.07,9.32,9.05,0.27,2.9834,22761.65,21234.69
920556.BJ,20260420,9.72,10.07,9.69,9.93,9.74,0.19,1.9507,45486.34,45248.144
920564.BJ,20260420,27.87,29.89,27.0,28.92,27.91,1.01,3.6188,50416.84,143669.62
920566.BJ,20260420,10.85,10.89,10.74,10.75,10.74,0.01,0.0931,19604.84,21206.811
920570.BJ,20260420,30.01,30.74,29.63,30.4,29.95,0.45,1.5025,7379.28,22458.327
920571.BJ,20260420,10.45,10.99,10.44,10.94,10.43,0.51,4.8897,325158.7,351681.716
920575.BJ,20260420,7.92,8.13,7.87,7.97,8.0,-0.03,-0.375,47886.0,38366.565
920576.BJ,20260420,79.0,91.5,78.51,88.87,79.89,8.98,11.2405,89862.23,764362.145
920578.BJ,20260420,19.71,20.45,19.6,19.97,19.71,0.26,1.3191,10785.64,21713.78
920579.BJ,20260420,18.5,19.34,18.4,18.94,18.39,0.55,2.9908,23747.98,45219.862
920580.BJ,20260420,13.99,14.27,13.63,13.72,13.74,-0.02,-0.1456,33528.17,46819.193
920592.BJ,20260420,32.88,34.44,32.64,33.39,33.14,0.25,0.7544,20932.61,70211.496
920593.BJ,20260420,28.0,29.32,27.61,28.28,27.86,0.42,1.5075,38186.17,108998.747
920599.BJ,20260420,19.38,19.86,19.08,19.3,19.25,0.05,0.2597,74160.83,144479.447
920608.BJ,20260420,16.99,17.42,16.89,17.08,16.95,0.13,0.767,4367.04,7520.702
920627.BJ,20260420,20.91,21.36,20.85,20.9,21.1,-0.2,-0.9479,20501.12,43213.874
920634.BJ,20260420,22.12,22.76,21.71,22.1,22.29,-0.19,-0.8524,28598.45,63714.906
920639.BJ,20260420,7.94,8.23,7.93,8.06,7.91,0.15,1.8963,45643.97,36997.22
920640.BJ,20260420,39.6,41.28,38.88,40.3,39.73,0.57,1.4347,97949.85,394199.264
920641.BJ,20260420,19.28,20.19,18.96,19.02,19.11,-0.09,-0.471,45350.45,88765.904
920642.BJ,20260420,12.78,13.3,12.63,13.08,12.82,0.26,2.0281,36628.8,47881.651
920651.BJ,20260420,29.28,30.0,28.2,28.66,29.28,-0.62,-2.1175,15155.2,44058.723
920656.BJ,20260420,16.69,16.99,16.42,16.48,16.56,-0.08,-0.4831,11904.94,19908.248
920662.BJ,20260420,27.27,29.5,26.8,27.85,27.08,0.77,2.8434,44766.82,126952.483
920663.BJ,20260420,16.7,17.38,16.35,16.85,16.72,0.13,0.7775,20226.23,34358.022
920665.BJ,20260420,11.45,11.87,11.34,11.66,11.45,0.21,1.8341,24255.51,28356.139
920670.BJ,20260420,17.48,18.09,17.29,17.62,17.46,0.16,0.9164,40656.17,72333.367
920675.BJ,20260420,9.98,10.26,9.92,10.12,10.01,0.11,1.0989,30720.63,31155.395
920679.BJ,20260420,18.55,19.07,18.42,18.7,18.57,0.13,0.7001,4509.7,8483.195
920682.BJ,20260420,9.02,9.65,8.97,9.26,8.99,0.27,3.0033,113343.19,105941.068
920685.BJ,20260420,12.78,13.33,12.78,13.01,12.78,0.23,1.7997,10852.04,14229.975
920689.BJ,20260420,29.46,31.28,28.78,29.96,29.03,0.93,3.2036,26014.13,78558.543
920690.BJ,20260420,26.26,27.14,26.0,26.34,26.45,-0.11,-0.4159,13640.56,36300.584
920693.BJ,20260420,29.05,31.66,28.99,29.75,29.16,0.59,2.0233,29688.42,89976.64
920694.BJ,20260420,18.28,18.57,18.18,18.33,18.12,0.21,1.1589,9038.08,16612.964
920699.BJ,20260420,41.41,44.88,40.82,42.68,41.0,1.68,4.0976,7036.09,30299.636
920701.BJ,20260420,16.24,16.73,16.06,16.49,16.2,0.29,1.7901,11783.22,19440.613
920703.BJ,20260420,13.99,14.26,13.7,13.99,13.94,0.05,0.3587,11143.39,15671.495
920706.BJ,20260420,25.1,25.89,25.05,25.4,25.38,0.02,0.0788,31773.89,81219.827
920717.BJ,20260420,9.25,9.53,9.21,9.35,9.25,0.1,1.0811,15562.84,14641.545
920718.BJ,20260420,13.51,13.86,13.38,13.57,13.5,0.07,0.5185,5962.92,8163.381
920719.BJ,20260420,11.33,11.85,11.3,11.44,11.69,-0.25,-2.1386,61413.31,71051.109
920720.BJ,20260420,12.4,12.96,12.35,12.85,12.56,0.29,2.3089,31691.04,40461.778
920725.BJ,20260420,32.33,35.59,32.32,33.88,32.83,1.05,3.1983,58009.4,197435.464
920726.BJ,20260420,19.62,20.1,19.05,19.66,19.3,0.36,1.8653,47629.86,93783.91
920729.BJ,20260420,8.35,8.47,8.29,8.37,8.32,0.05,0.601,17911.92,15051.669
920735.BJ,20260420,31.8,32.58,31.71,31.89,32.06,-0.17,-0.5303,24868.97,79866.329
920748.BJ,20260420,38.0,39.4,37.7,38.25,37.97,0.28,0.7374,14119.39,54697.277
920751.BJ,20260420,22.5,27.83,22.12,24.76,21.95,2.81,12.8018,44494.43,110321.395
920753.BJ,20260420,19.34,19.85,19.11,19.48,19.35,0.13,0.6718,7588.49,14855.272
920765.BJ,20260420,15.43,15.64,15.05,15.33,15.15,0.18,1.1881,15518.64,23916.24
920768.BJ,20260420,12.37,12.94,12.29,12.66,12.4,0.26,2.0968,37906.35,48182.532
920770.BJ,20260420,16.27,16.74,16.0,16.31,16.12,0.19,1.1787,42204.67,69371.218
920779.BJ,20260420,36.06,37.3,36.0,36.48,36.53,-0.05,-0.1369,17954.24,65672.011
920781.BJ,20260420,7.71,8.02,7.63,7.86,7.71,0.15,1.9455,27285.84,21533.738
920786.BJ,20260420,8.59,8.82,8.52,8.75,8.68,0.07,0.8065,87704.72,76462.779
920790.BJ,20260420,27.88,28.96,27.79,28.37,27.89,0.48,1.721,16727.88,47551.793
920792.BJ,20260420,11.59,11.94,11.52,11.72,11.57,0.15,1.2965,15619.85,18387.696
920799.BJ,20260420,37.32,39.47,37.28,38.28,37.96,0.32,0.843,55641.92,214041.789
920802.BJ,20260420,14.57,14.95,14.35,14.78,14.57,0.21,1.4413,8276.01,12239.701
920806.BJ,20260420,12.03,12.38,11.92,12.11,12.01,0.1,0.8326,35551.85,43451.59
920807.BJ,20260420,12.68,13.08,12.3,12.81,12.3,0.51,4.1463,58221.4,74208.015
920808.BJ,20260420,82.2,95.0,82.18,87.8,82.2,5.6,6.8127,95866.43,850761.249
920809.BJ,20260420,8.39,8.43,8.11,8.18,8.39,-0.21,-2.503,279144.81,230170.913
920810.BJ,20260420,11.67,12.05,11.6,11.76,11.67,0.09,0.7712,11127.27,13216.514
920819.BJ,20260420,3.56,3.64,3.55,3.6,3.58,0.02,0.5587,86022.47,31055.87
920821.BJ,20260420,24.5,25.28,23.86,24.18,25.1,-0.92,-3.6653,63336.98,156293.625
920826.BJ,20260420,10.81,11.21,10.78,11.03,10.89,0.14,1.2856,42678.08,47167.092
920832.BJ,20260420,6.84,7.09,6.8,6.98,6.84,0.14,2.0468,26209.67,18276.957
920833.BJ,20260420,16.02,16.55,15.92,16.07,16.11,-0.04,-0.2483,20534.12,33370.618
920834.BJ,20260420,12.24,13.09,12.24,12.64,12.24,0.4,3.268,31675.59,40406.242
920837.BJ,20260420,12.99,13.35,12.84,13.11,12.89,0.22,1.7067,15930.11,20940.255
920839.BJ,20260420,35.65,36.46,34.66,35.65,35.54,0.11,0.3095,17555.17,62783.629
920855.BJ,20260420,16.37,16.99,16.33,16.66,16.37,0.29,1.7715,6004.09,10082.206
920856.BJ,20260420,13.65,14.3,13.58,14.07,13.62,0.45,3.304,18091.37,25476.997
920857.BJ,20260420,25.46,25.85,24.93,25.02,25.5,-0.48,-1.8824,9117.44,23082.837
920866.BJ,20260420,7.8,7.87,7.7,7.78,7.73,0.05,0.6468,22097.28,17229.668
920870.BJ,20260420,14.85,15.49,14.68,15.08,14.86,0.22,1.4805,24317.66,36896.752
920871.BJ,20260420,13.64,13.88,13.49,13.58,13.59,-0.01,-0.0736,9466.04,12952.676
920873.BJ,20260420,8.09,8.31,8.07,8.22,8.13,0.09,1.107,22169.35,18285.002
920876.BJ,20260420,25.2,26.15,25.05,25.3,25.23,0.07,0.2774,15244.47,39199.218
920879.BJ,20260420,20.65,24.47,20.55,23.42,20.47,2.95,14.4113,73193.44,172038.477
920885.BJ,20260420,20.95,22.11,20.71,21.87,20.93,0.94,4.4912,68017.36,147219.178
920892.BJ,20260420,15.5,15.75,15.29,15.44,15.55,-0.11,-0.7074,15676.02,24349.324
920895.BJ,20260420,17.19,18.05,17.05,17.54,17.28,0.26,1.5046,8259.19,14569.742
920896.BJ,20260420,17.78,18.65,17.51,18.06,17.77,0.29,1.632,16572.94,30195.57
920906.BJ,20260420,24.44,25.19,24.17,24.8,24.64,0.16,0.6494,12222.23,30340.648
920914.BJ,20260420,26.01,26.8,25.8,25.91,26.26,-0.35,-1.3328,29756.97,78044.48
920924.BJ,20260420,22.1,23.01,21.87,21.97,22.33,-0.36,-1.6122,49548.94,110886.707
920925.BJ,20260420,17.48,17.97,17.34,17.68,17.48,0.2,1.1442,20739.89,36732.789
920926.BJ,20260420,15.53,15.53,14.92,15.07,14.99,0.08,0.5337,10679.43,16161.675
920931.BJ,20260420,12.38,12.64,12.34,12.44,12.32,0.12,0.974,8067.57,10099.348
920932.BJ,20260420,16.2,16.61,16.05,16.08,16.2,-0.12,-0.7407,22059.93,36030.212
920942.BJ,20260420,26.2,28.85,26.03,26.95,25.97,0.98,3.7736,27903.86,76058.713
920943.BJ,20260420,21.3,22.4,21.01,21.93,21.3,0.63,2.9577,22956.16,50219.644
920946.BJ,20260420,10.36,10.6,10.3,10.39,10.39,0.0,0.0,40345.67,42109.839
920950.BJ,20260420,16.64,16.79,16.2,16.47,16.34,0.13,0.7956,4446.3,7390.378
920953.BJ,20260420,31.3,32.45,30.89,31.64,31.34,0.3,0.9572,21984.53,69892.641
920957.BJ,20260420,11.55,11.95,11.4,11.6,11.46,0.14,1.2216,9781.14,11533.131
920961.BJ,20260420,24.0,24.99,23.8,24.41,23.99,0.42,1.7507,45036.81,110730.246
920964.BJ,20260420,5.99,6.15,5.98,6.06,5.99,0.07,1.1686,23871.76,14508.433
920970.BJ,20260420,7.68,7.9,7.56,7.56,7.65,-0.09,-1.1765,58938.5,45464.389
920971.BJ,20260420,29.31,31.0,29.06,29.4,29.95,-0.55,-1.8364,66840.09,200232.142
920974.BJ,20260420,7.78,7.94,7.75,7.79,7.77,0.02,0.2574,24515.5,19247.251
920976.BJ,20260420,31.25,32.23,31.03,31.71,31.16,0.55,1.7651,17955.04,57086.347
920978.BJ,20260420,28.63,29.85,28.01,28.97,28.53,0.44,1.5422,56769.97,165528.454
920981.BJ,20260420,31.53,34.49,31.53,32.85,32.3,0.55,1.7028,40087.79,133003.128
920982.BJ,20260420,184.0,187.92,181.88,183.17,184.45,-1.28,-0.694,10038.18,185387.338
920985.BJ,20260420,6.98,7.17,6.91,6.99,6.99,0.0,0.0,43621.17,30864.716
920992.BJ,20260420,15.7,16.09,15.49,15.9,15.56,0.34,2.1851,22361.98,35543.431
